0.000000
0.000000
0.000000
0.001482
0.000000
0.002265
0.000000
0.001309
0.000000
0.000000
0.000000
0.000000
0.000000
0.000000
0.001426
0.000000
0.001780
0.000000
0.000000
0.000000
0.000000
0.001534
0.000000
0.000000
0.000000
0.000000
0.000000
0.000000
0.000000
0.000000
0.001171
0.001687
0.000000
0.001533
0.000000
0.000000
0.000000
0.000000
0.000000
0.000000
0.000000
0.000000
0.000000
0.000000
0.000000
0.000000
0.000000
0.000000
0.000000
0.000000
0.000000
0.000000
0.001375
0.000000
0.001398
0.000000
0.000000
0.000000
0.000000
0.000000
0.002601
0.000000
0.000000
0.000000
0.000000
0.000000
0.000000
0.001374
0.000000
0.002131
0.000000
0.000000
0.000000
0.001257
0.001634
0.000000
0.000000
0.000000
0.000000
0.000000
0.000000
0.000000
0.000000
0.000000
0.001993
0.000000
0.000000
0.000000
0.000000
0.000000
0.000000
0.000000
0.002102
0.001486
0.000000
0.001474
0.001203
0.000000
0.000000
0.000000
0.000000
0.000000
0.000000
0.000000
0.000000
0.001550
0.000000
0.000000
0.001448
0.000000
0.000000
0.000000
0.000000
0.001228
0.000000
0.002117
0.000000
0.001518
0.000000
0.000000
0.000000
0.000000
0.000000
0.000000
0.000000
0.000000
0.000000
0.000000
0.000000
0.000000
0.000000
0.000000
0.000000
0.000000
0.000000
0.000000
0.000000
0.001709
0.000000
0.000000
0.001529
0.002127
0.000000
0.000000
0.000000
0.000000
0.001865
0.000000
0.000000
0.002698
0.000000
0.000000
0.000000
0.000000
0.000000
0.000000
0.000000
0.001961
0.001837
0.000000
0.000000
0.000000
0.000000
0.000000
0.000000
0.000000
0.000000
0.000000
0.001343
0.000000
0.001325
0.000000
0.000000
0.001250
0.000000
0.000000
0.000000
0.000000
0.000000
0.000000
0.000000
0.000000
0.000000
0.002770
0.000000
0.000000
0.000000
0.000000
0.000000
0.000000
0.000000
0.000000
0.000000
0.000000
0.001535
0.000000
0.000000
0.000000
0.000000
0.000000
0.000000
0.000000
0.000000
0.000000
0.000000
0.000000
0.000000
0.000000
0.000000
0.000000
0.000000
0.000000
0.000000
0.000000
0.000000
0.000000
0.000000
0.000000
0.000000
0.000000
0.000000
0.000000
0.000000
0.000000
0.000000
0.000000
0.001259
0.000000
0.000000
0.002966
0.000000
0.000000
0.000000
0.000000
0.000000
0.000000
0.000000
0.001429
0.000000
0.000000
0.000000
0.001425
0.000000
0.001238
0.000000
0.000000
0.000000
0.001492
0.000000
0.000000
0.000000
0.001563
0.000000
0.000000
0.000000
0.001947
0.001345
0.000000
0.000000
0.001361
0.000000
0.000000
0.000000
0.000000
0.000000
0.000000
0.000000
0.000000
0.000000
0.000000
0.000000
0.000000
0.000000
0.000000
0.000000
0.000000
0.000000
0.000000
0.001566
0.000000
0.000000
0.000000
0.000000
0.002205
0.000000
0.001876
0.000000
0.001580
0.000000
0.000000
0.000000
0.000000
0.000000
0.000000
0.000000
0.000000
0.000000
0.000000
0.000000
0.000000
0.000000
0.000000
0.000000
0.000000
0.000000
0.000000
0.000000
0.000000
0.002261
0.000000
0.000000
0.000000
0.001538
0.000000
0.000000
0.000000
0.000000
0.000000
0.000000
0.000000
0.000000
0.000000
0.000000
0.000000
0.000000
0.000000
0.000000
0.001480
0.000000
0.001308
0.000000
0.000000
0.001296
0.000000
0.000000
0.000000
0.000000
0.001928
0.000000
0.000000
0.000000
0.000000
0.000000
0.000000
0.000000
0.000000
0.000000
0.000000
0.000000
0.000000
0.000000
0.000000
0.000000
0.001694
0.000000
0.000000
0.000000
0.000000
0.000000
0.000000
0.000000
0.000000
0.000000
0.001273
0.000000
0.000000
0.000000
0.000000
0.000000
0.001418
0.000000
0.000000
0.000000
0.000000
0.000000
0.000000
0.001271
0.001615
0.001265
0.001899
0.000000
0.000000
0.000000
0.000000
0.000000
0.000000
0.001459
0.000000
0.000000
0.000000
0.000000
0.000000
0.001748
0.000000
0.000000
0.000000
0.001468
0.000000
0.000000
0.000000
0.000000
0.000000
0.000000
0.000000
0.000000
0.000000
0.000000
0.000000
0.000000
0.000000
0.000000
0.000000
0.000000
0.000000
0.001428
0.000000
0.000000
0.000000
0.000000
0.000000
0.000000
0.000000
0.002384
0.000000
0.001248
0.000000
0.000000
0.000000
0.000000
0.000000
0.000000
0.000000
0.000000
0.000000
0.000000
0.000000
0.000000
0.000000
0.000000
0.000000
0.000000
0.000000
0.000000
0.000000
0.000000
0.000000
0.000000
0.000000
0.000000
0.000000
0.000000
0.000000
0.001438
0.000000
0.000000
0.000000
0.000000
0.000000
0.000000
0.000000
0.000000
0.000000
0.000000
0.000000
0.000000
0.000000
0.000000
0.000000
0.000000
0.000000
0.000000
0.000000
0.001703
0.000000
0.001546
0.000000
0.000000
0.000000
0.000000
0.001908
0.000000
0.000000
0.000000
0.000000
0.000000
0.000000
0.000000
0.001244
0.000000
0.001626
0.000000
0.000000
0.000000
0.000000
0.000000
0.000000
0.000000
0.000000
0.000000
0.000000
0.000000
0.000000
0.000000
0.000000
0.001433
0.000000
0.002265
0.000000
0.000000
0.000000
0.000000
0.000000
0.000000
0.000000
0.000000
0.000000
0.000000
0.000000
0.000000
0.000000
0.001276
0.000000
0.000000
0.000000
0.000000
0.000000
0.000000
0.000000
0.000000
0.000000
0.000000
0.000000
0.000000
0.001479
0.000000
0.000000
0.000000
0.000000
0.000000
0.000000
0.000000
0.000000
0.000000
0.000000
0.000000
0.000000
0.000000
0.001814
0.000000
0.000000
0.000000
0.001642
0.000000
0.000000
0.000000
0.000000
0.000000
0.001974
0.000000
0.000000
0.000000
0.000000
0.001501
0.000000
0.000000
0.000000
0.000000
0.000000
0.000000
0.000000
0.000000
0.000000
0.000000
0.000000
0.005613
0.000000
0.002207
0.000000
0.000000
0.000000
0.000000
0.000000
0.000000
0.000000
0.000000
0.000000
0.000000
0.000000
0.000000
0.000000
0.000000
0.000000
0.000000
0.000000
0.001585
0.000000
0.001247
0.000000
0.000000
0.000000
0.000000
0.000000
0.000000
0.000000
0.000000
0.000000
0.000000
0.000000
0.000000
0.000000
0.000000
0.000000
0.000000
0.000000
0.000000
0.000000
0.000000
0.000000
0.000000
0.000000
0.000000
0.002114
0.000000
0.000000
0.000000
0.000000
0.000000
0.000000
0.000000
0.000000
0.000000
0.000000
0.002660
0.000000
0.000000
0.000000
0.000000
0.000000
0.000000
0.000000
0.001485
0.001431
0.000000
0.000000
0.000000
0.000000
0.000000
0.000000
0.000000
0.000000
0.000000
0.000000
0.000000
0.000000
0.000000
0.000000
0.000000
0.000000
0.000000
0.000000
0.001270
0.000000
0.000000
0.003223
0.000000
0.000000
0.000000
0.000000
0.000000
0.000000
0.000000
0.001284
0.000000
0.002604
0.000000
0.000000
0.000000
0.000000
0.001825
0.000000
0.000000
0.000000
0.000000
0.000000
0.000000
0.000000
0.002594
0.000000
0.001182
0.000000
0.000000
0.000000
0.000000
0.000000
0.000000
0.000000
0.000000
0.001627
0.000000
0.000000
0.001520
0.000000
0.000000
0.000000
0.000000
0.000000
0.000000
0.000000
0.000000
0.000000
0.000000
0.000000
0.000000
0.000000
0.000000
0.000000
0.000000
0.000000
0.000000
0.001231
0.000000
0.000000
0.000000
0.000000
0.000000
0.000000
0.001181
0.000000
0.000000
0.000000
0.000000
0.000000
0.000000
0.000000
0.000000
0.000000
0.000000
0.000000
0.001392
0.000000
0.000000
0.001195
0.000000
0.000000
0.000000
0.000000
0.001523
0.000000
0.000000
0.000000
0.000000
0.002512
0.000000
0.000000
0.001699
0.000000
0.000000
0.000000
0.000000
0.002396
0.001818
0.001627
0.000000
0.000000
0.002516
0.000000
0.000000
0.000000
0.000000
0.000000
0.000000
0.000000
0.000000
0.000000
0.000000
0.000000
0.000000
0.000000
0.000000
0.000000
0.000000
0.000000
0.000000
0.000000
0.000000
0.000000
0.000000
0.001540
0.000000
0.002032
0.000000
0.000000
0.000000
0.000000
0.000000
0.000000
0.000000
0.000000
0.000000
0.000000
0.000000
0.001176
0.000000
0.000000
0.000000
0.000000
0.000000
0.000000
0.000000
0.000000
0.000000
0.000000
0.001353
0.000000
0.000000
0.000000
0.000000
0.000000
0.000000
0.000000
0.000000
0.000000
0.000000
0.000000
0.000000
0.000000
0.000000
0.000000
0.000000
0.000000
0.000000
0.000000
0.000000
0.000000
0.000000
0.000000
0.000000
0.000000
0.000000
0.002724
0.000000
0.000000
0.000000
0.001282
0.000000
0.001318
0.000000
0.001642
0.000000
0.000000
0.000000
0.000000
0.000000
0.000000
0.003570
0.000000
0.000000
0.000000
0.001848
0.000000
0.003398
0.001249
0.000000
0.000000
0.000000
0.000000
0.000000
0.001724
0.000000
0.000000
0.000000
0.000000
0.000000
0.000000
0.000000
0.001414
0.000000
0.000000
0.000000
0.000000
0.000000
0.000000
0.000000
0.000000
0.001356
0.000000
0.000000
0.001781
0.000000
0.000000
0.000000
0.000000
0.000000
0.001173
0.000000
0.000000
0.000000
0.001969
0.000000
0.000000
0.000000
0.000000
0.000000
0.000000
0.000000
0.000000
0.000000
0.000000
0.000000
0.000000
0.001302
0.000000
0.001867
0.000000
0.000000
0.000000
0.000000
0.000000
0.000000
0.000000
0.000000
0.001513
0.001848
0.000000
0.000000
0.000000
0.002189
0.000000
0.000000
0.000000
0.000000
0.000000
0.000000
0.000000
0.001304
0.000000
0.002941
0.000000
0.000000
0.000000
0.000000
0.000000
0.000000
0.000000
0.000000
0.000000
0.000000
0.000000
0.000000
0.000000
0.000000
0.000000
0.000000
0.000000
0.000000
0.004324
0.001416
0.000000
0.000000
0.000000
0.002549
0.000000
0.000000
0.001413
0.034481
0.000000
0.000000
0.000000
0.000000
0.001314
0.000000
0.000000
0.000000
0.000000
0.000000
0.000000
0.003358
0.002268
0.000000
0.000000
0.000000
0.000000
0.000000
0.001785
0.000000
0.000000
0.000000
0.000000
0.000000
0.000000
0.002540
0.000000
0.000000
0.000000
0.000000
0.001887
0.000000
0.000000
0.000000
0.000000
0.000000
0.000000
0.000000
0.000000
0.000000
0.000000
0.000000
0.000000
0.000000
0.000000
0.000000
0.000000
0.001735
0.000000
0.001599
0.000000
0.000000
0.000000
0.000000
0.001734
0.000000
0.000000
0.000000
0.000000
0.000000
0.000000
0.001411
0.000000
0.001790
0.000000
0.001806
0.000000
0.000000
0.001247
0.000000
0.000000
0.001390
0.000000
0.000000
0.000000
0.000000
0.000000
0.000000
0.000000
0.000000
0.000000
0.000000
0.000000
0.001557
0.000000
0.000000
0.000000
0.000000
0.000000
0.000000
0.000000
0.000000
0.000000
0.000000
0.000000
0.000000
0.000000
0.000000
0.001394
0.000000
0.000000
0.000000
0.000000
0.001618
0.000000
0.000000
0.000000
0.000000
0.002109
0.001680
0.000000
0.000000
0.000000
0.002093
0.000000
0.002115
0.000000
0.000000
0.000000
0.000000
0.000000
0.000000
0.001270
0.000000
0.000000
0.000000
0.000000
0.000000
0.002277
0.000000
0.000000
0.000000
0.000000
0.000000
0.000000
0.000000
0.000000
0.000000
0.000000
0.000000
0.000000
0.000000
0.000000
0.000000
0.000000
0.001487
0.000000
0.000000
0.000000
0.000000
0.000000
0.000000
0.000000
0.000000
0.000000
0.000000
0.000000
0.000000
0.000000
0.000000
0.001350
0.000000
0.000000
0.000000
0.000000
0.000000
0.000000
0.000000
0.000000
0.000000
0.000000
0.000000
0.000000
0.000000
0.000000
0.000000
0.001684
0.000000
0.000000
0.000000
0.000000
0.000000
0.000000
0.000000
0.000000
0.000000
0.000000
0.000000
0.001568
0.000000
0.000000
0.000000
0.000000
0.002237
0.000000
0.000000
0.000000
0.001973
0.000000
0.000000
0.000000
0.000000
0.000000
0.001579
0.000000
0.000000
0.001190
0.000000
0.000000
0.000000
0.000000
0.000000
0.000000
0.000000
0.000000
0.000000
0.000000
0.002572
0.000000
0.002357
0.000000
0.000000
0.000000
0.001461
0.000000
0.000000
0.000000
0.000000
0.001538
0.000000
0.000000
0.002444
0.000000
0.000000
0.001458
0.000000
0.000000
0.000000
0.001881
0.000000
0.000000
0.000000
0.000000
0.000000
0.000000
0.000000
0.000000
0.001280
0.002190
0.001671
0.000000
0.000000
0.000000
0.000000
0.000000
0.000000
0.000000
0.000000
0.000000
0.000000
0.001374
0.000000
0.000000
0.000000
0.000000
0.002163
0.000000
0.000000
0.002549
0.000000
0.000000
0.000000
0.001513
0.000000
0.000000
0.001206
0.000000
0.000000
0.000000
0.000000
0.000000
0.000000
0.000000
0.001541
0.000000
0.000000
0.000000
0.000000
0.000000
0.000000
0.000000
0.000000
0.000000
0.000000
0.000000
0.000000
0.000000
0.000000
0.000000
0.000000
0.000000
0.001921
0.000000
0.002716
0.000000
0.000000
0.000000
0.001595
0.000000
0.000000
0.000000
0.000000
0.000000
0.000000
0.000000
0.000000
0.000000
0.000000
0.000000
0.000000
0.000000
0.000000
0.000000
0.000000
0.000000
0.000000
0.000000
0.000000
0.000000
0.000000
0.000000
0.000000
0.000000
0.000000
0.000000
0.000000
0.000000
0.000000
0.000000
0.000000
0.000000
0.000000
0.000000
0.000000
0.000000
0.000000
0.000000
0.000000
0.000000
0.001545
0.000000
0.000000
0.000000
0.000000
0.001510
0.000000
0.000000
0.000000
0.000000
0.000000
0.000000
0.000000
0.000000
0.000000
0.000000
0.000000
0.000000
0.000000
0.001595
0.000000
0.000000
0.000000
0.000000
0.001524
0.001269
0.001830
0.000000
0.000000
0.000000
0.000000
0.000000
0.000000
0.000000
0.000000
0.000000
0.000000
0.000000
0.000000
0.000000
0.001582
0.000000
0.000000
0.000000
0.000000
0.000000
0.001947
0.000000
0.000000
0.000000
0.000000
0.001325
0.000000
0.000000
0.000000
0.000000
0.000000
0.000000
0.000000
0.000000
0.000000
0.002106
0.001275
0.000000
0.000000
0.000000
0.000000
0.000000
0.000000
0.000000
0.000000
0.000000
0.000000
0.000000
0.000000
0.000000
0.000000
0.000000
0.000000
0.000000
0.000000
0.000000
0.000000
0.000000
0.000000
0.000000
0.000000
0.000000
0.000000
0.000000
0.000000
0.000000
0.000000
0.000000
0.000000
0.000000
0.000000
0.000000
0.000000
0.001496
0.000000
0.000000
0.000000
0.001482
0.000000
0.000000
0.000000
0.000000
0.000000
0.000000
0.000000
0.000000
0.000000
0.001526
0.000000
0.000000
0.001190
0.000000
0.000000
0.001566
0.001231
0.000000
0.000000
0.000000
0.000000
0.000000
0.000000
0.000000
0.000000
0.000000
0.000000
0.000000
0.000000
0.000000
0.000000
0.002123
0.000000
0.000000
0.000000
0.000000
0.000000
0.000000
0.003644
0.000000
0.000000
0.001879
0.000000
0.000000
0.000000
0.000000
0.000000
0.000000
0.000000
0.000000
0.000000
0.000000
0.000000
0.000000
0.000000
0.000000
0.000000
0.000000
0.000000
0.000000
0.000000
0.000000
0.000000
0.000000
0.000000
0.001549
0.001743
0.000000
0.000000
0.000000
0.001251
0.000000
0.000000
0.000000
0.000000
0.001578
0.000000
0.001444
0.001212
0.000000
0.000000
0.000000
0.000000
0.001477
0.000000
0.000000
0.000000
0.000000
0.000000
0.000000
0.000000
0.000000
0.000000
0.001746
0.000000
0.001456
0.000000
0.000000
0.000000
0.000000
0.001616
0.000000
0.001350
0.001890
0.000000
0.001268
0.000000
0.000000
0.000000
0.000000
0.000000
0.000000
0.000000
0.000000
0.000000
0.000000
0.000000
0.000000
0.001261
0.000000
0.000000
0.001246
0.000000
0.000000
0.001651
0.000000
0.000000
0.000000
0.000000
0.002022
0.001392
0.000000
0.000000
0.000000
0.000000
0.000000
0.000000
0.000000
0.000000
0.001284
0.000000
0.000000
0.000000
0.001313
0.000000
0.000000
0.000000
0.000000
0.000000
0.000000
0.000000
0.000000
0.000000
0.000000
0.001219
0.000000
0.000000
0.000000
0.000000
0.000000
0.000000
0.000000
0.000000
0.000000
0.000000
0.000000
0.000000
0.000000
0.000000
0.000000
0.000000
0.000000
0.001758
0.000000
0.000000
0.000000
0.000000
0.000000
0.000000
0.000000
0.001235
0.000000
0.000000
0.000000
0.000000
0.000000
0.000000
0.000000
0.000000
0.000000
0.000000
0.000000
0.002131
0.000000
0.000000
0.000000
0.000000
0.000000
0.000000
0.000000
0.000000
0.000000
0.001654
0.000000
0.000000
0.000000
0.000000
0.000000
0.000000
0.000000
0.001293
0.000000
0.000000
0.000000
0.000000
0.001348
0.000000
0.000000
0.000000
0.000000
0.000000
0.001991
0.000000
0.001201
0.000000
0.000000
0.000000
0.000000
0.000000
0.000000
0.000000
0.000000
0.000000
0.000000
0.000000
0.000000
0.000000
0.000000
0.000000
0.000000
0.002053
0.000000
0.000000
0.000000
0.000000
0.000000
0.000000
0.000000
0.001267
0.000000
0.000000
0.000000
0.000000
0.000000
0.000000
0.000000
0.000000
0.000000
0.000000
0.000000
0.001678
0.000000
0.001604
0.000000
0.000000
0.000000
0.000000
0.000000
0.002733
0.000000
0.000000
0.000000
0.000000
0.000000
0.000000
0.001198
0.000000
0.001674
0.000000
0.001567
0.000000
0.000000
0.000000
0.000000
0.000000
0.000000
0.000000
0.000000
0.000000
0.002659
0.000000
0.000000
0.000000
0.000000
0.001276
0.000000
0.000000
0.000000
0.000000
0.000000
0.000000
0.000000
0.000000
0.001571
0.000000
0.000000
0.000000
0.001300
0.000000
0.002049
0.000000
0.000000
0.000000
0.000000
0.000000
0.001186
0.000000
0.000000
0.001507
0.000000
0.001442
0.000000
0.000000
0.000000
0.000000
0.000000
0.000000
0.000000
0.002494
0.002052
0.000000
0.001526
0.000000
0.001561
0.000000
0.000000
0.000000
0.000000
0.000000
0.000000
0.000000
0.000000
0.000000
0.000000
0.000000
0.002265
0.000000
0.000000
0.000000
0.000000
0.000000
0.000000
0.000000
0.001881
0.000000
0.000000
0.000000
0.000000
0.000000
0.000000
0.001537
0.002055
0.000000
0.000000
0.000000
0.000000
0.000000
0.000000
0.000000
0.000000
0.000000
0.000000
0.000000
0.001349
0.001542
0.000000
0.000000
0.000000
0.000000
0.000000
0.000000
0.000000
0.000000
0.000000
0.000000
0.000000
0.000000
0.000000
0.000000
0.000000
0.000000
0.000000
0.000000
0.000000
0.001219
0.000000
0.000000
0.000000
0.000000
0.000000
0.000000
0.000000
0.000000
0.000000
0.000000
0.000000
0.000000
0.000000
0.001458
0.000000
0.000000
0.000000
0.000000
0.000000
0.000000
0.000000
0.000000
0.000000
0.000000
0.000000
0.000000
0.000000
0.001565
0.000000
0.000000
0.000000
0.000000
0.001380
0.000000
0.000000
0.000000
0.000000
0.000000
0.000000
0.000000
0.000000
0.000000
0.000000
0.000000
0.000000
0.001324
0.000000
0.000000
0.000000
0.000000
0.000000
0.000000
0.000000
0.000000
0.000000
0.000000
0.000000
0.000000
0.000000
0.001907
0.000000
0.000000
0.000000
0.001249
0.000000
0.000000
0.000000
0.000000
0.001523
0.000000
0.000000
0.000000
0.000000
0.000000
0.000000
0.001575
0.002018
0.000000
0.000000
0.000000
0.001777
0.000000
0.001323
0.000000
0.000000
0.000000
0.000000
0.000000
0.000000
0.001582
0.000000
0.000000
0.002376
0.000000
0.000000
0.000000
0.000000
0.001311
0.000000
0.000000
0.000000
0.000000
0.000000
0.000000
0.000000
0.000000
0.000000
0.000000
0.000000
0.000000
0.000000
0.000000
0.000000
0.000000
0.001281
0.000000
0.000000
0.000000
0.000000
0.000000
0.000000
0.000000
0.000000
0.000000
0.001301
0.000000
0.000000
0.000000
0.000000
0.000000
0.000000
0.000000
0.000000
0.001762
0.000000
0.000000
0.000000
0.000000
0.000000
0.001497
0.000000
0.000000
0.000000
0.000000
0.000000
0.000000
0.000000
0.000000
0.001496
0.000000
0.000000
0.001984
0.000000
0.000000
0.000000
0.000000
0.000000
0.000000
0.000000
0.000000
0.000000
0.000000
0.000000
0.000000
0.000000
0.000000
0.000000
0.000000
0.000000
0.000000
0.000000
0.000000
0.001737
0.001913
0.000000
0.000000
0.000000
0.000000
0.000000
0.000000
0.001480
0.000000
0.000000
0.000000
0.000000
0.000000
0.000000
0.000000
0.000000
0.001779
0.000000
0.000000
0.000000
0.000000
0.000000
0.000000
0.000000
0.000000
0.000000
0.000000
0.001425
0.000000
0.000000
0.000000
0.000000
0.000000
0.000000
0.000000
0.000000
0.000000
0.000000
0.000000
0.000000
0.000000
0.000000
0.000000
0.000000
0.000000
0.000000
0.000000
0.000000
0.000000
0.000000
0.001995
0.000000
0.000000
0.000000
0.000000
0.000000
0.000000
0.000000
0.000000
0.000000
0.000000
0.000000
0.000000
0.000000
0.000000
0.000000
0.001236
0.000000
0.000000
0.000000
0.000000
0.000000
0.000000
0.002485
0.003018
0.000000
0.001556
0.000000
0.000000
0.000000
0.001848
0.000000
0.000000
0.000000
0.000000
0.000000
0.000000
0.000000
0.000000
0.000000
0.000000
0.001212
0.003009
0.000000
0.000000
0.000000
0.001653
0.000000
0.000000
0.002832
0.000000
0.000000
0.000000
0.001818
0.000000
0.000000
0.000000
0.001196
0.000000
0.000000
0.001490
0.000000
0.000000
0.000000
0.000000
0.000000
0.000000
0.000000
0.000000
0.000000
0.000000
0.000000
0.000000
0.000000
0.000000
0.000000
0.001437
0.000000
0.000000
0.000000
0.000000
0.000000
0.000000
0.000000
0.000000
0.000000
0.000000
0.000000
0.000000
0.000000
0.000000
0.000000
0.000000
0.000000
0.000000
0.000000
0.000000
0.000000
0.000000
0.000000
0.000000
0.000000
0.000000
0.000000
0.000000
0.001469
0.000000
0.001721
0.000000
0.000000
0.000000
0.000000
0.000000
0.000000
0.000000
0.001248
0.001201
0.000000
0.000000
0.000000
0.000000
0.000000
0.000000
0.000000
0.000000
0.000000
0.000000
0.000000
0.000000
0.000000
0.000000
0.001249
0.000000
0.000000
0.000000
0.000000
0.001475
0.000000
0.000000
0.002138
0.000000
0.000000
0.001669
0.000000
0.000000
0.000000
0.000000
0.000000
0.000000
0.000000
0.000000
0.000000
0.000000
0.001216
0.000000
0.000000
0.000000
0.000000
0.000000
0.000000
0.000000
0.000000
0.000000
0.000000
0.000000
0.000000
0.000000
0.000000
0.000000
0.000000
0.000000
0.000000
0.000000
0.000000
0.000000
0.000000
0.000000
0.000000
0.000000
0.000000
0.000000
0.000000
0.000000
0.000000
0.002749
0.000000
0.000000
0.001235
0.000000
0.000000
0.000000
0.000000
0.000000
0.002285
0.000000
0.000000
0.000000
0.000000
0.001437
0.000000
0.000000
0.000000
0.000000
0.000000
0.000000
0.002287
0.002267
0.000000
0.000000
0.000000
0.000000
0.000000
0.001718
0.000000
0.000000
0.000000
0.000000
0.000000
0.000000
0.000000
0.000000
0.000000
0.001173
0.000000
0.000000
0.000000
0.001545
0.001540
0.000000
0.000000
0.000000
0.000000
0.000000
0.000000
0.000000
0.000000
0.001875
0.000000
0.000000
0.000000
0.000000
0.000000
0.000000
0.000000
0.000000
0.000000
0.000000
0.000000
0.000000
0.000000
0.000000
0.000000
0.000000
0.000000
0.000000
0.000000
0.000000
0.000000
0.000000
0.000000
0.000000
0.000000
0.000000
0.000000
0.000000
0.001623
0.000000
0.000000
0.000000
0.000000
0.001250
0.000000
0.000000
0.000000
0.000000
0.001687
0.000000
0.000000
0.002399
0.000000
0.000000
0.000000
0.000000
0.000000
0.000000
0.001198
0.000000
0.001599
0.000000
0.000000
0.000000
0.000000
0.000000
0.000000
0.000000
0.000000
0.000000
0.000000
0.000000
0.000000
0.000000
0.001203
0.000000
0.000000
0.000000
0.000000
0.000000
0.000000
0.000000
0.000000
0.000000
0.000000
0.000000
0.000000
0.002428
0.000000
0.000000
0.000000
0.000000
0.000000
0.000000
0.000000
0.000000
0.000000
0.000000
0.000000
0.000000
0.000000
0.000000
0.000000
0.000000
0.001477
0.000000
0.002197
0.000000
0.000000
0.000000
0.000000
0.000000
0.000000
0.000000
0.000000
0.000000
0.000000
0.000000
0.000000
0.000000
0.000000
0.000000
0.000000
0.000000
0.000000
0.000000
0.000000
0.000000
0.000000
0.000000
0.000000
0.000000
0.000000
0.000000
0.000000
0.000000
0.000000
0.001943
0.000000
0.000000
0.000000
0.001383
0.000000
0.000000
0.000000
0.000000
0.000000
0.000000
0.000000
0.000000
0.000000
0.000000
0.000000
0.000000
0.000000
0.000000
0.000000
0.000000
0.000000
0.000000
0.001197
0.000000
0.000000
0.000000
0.000000
0.000000
0.000000
0.000000
0.000000
0.000000
0.000000
0.000000
0.000000
0.000000
0.001519
0.000000
0.001680
0.001287
0.000000
0.000000
0.000000
0.000000
0.001408
0.000000
0.000000
0.000000
0.000000
0.000000
0.000000
0.000000
0.000000
0.000000
0.001357
0.000000
0.000000
0.000000
0.000000
0.000000
0.000000
0.000000
0.000000
0.000000
0.000000
0.000000
0.000000
0.000000
0.001639
0.000000
0.000000
0.000000
0.000000
0.000000
0.000000
0.000000
0.001273
0.000000
0.001627
0.000000
0.000000
0.001465
0.000000
0.000000
0.000000
0.000000
0.000000
0.000000
0.000000
0.000000
0.000000
0.000000
0.000000
0.000000
0.000000
0.000000
0.000000
0.000000
0.001682
0.000000
0.000000
0.000000
0.000000
0.000000
0.000000
0.000000
0.000000
0.000000
0.000000
0.001319
0.000000
0.001209
0.001558
0.000000
0.001478
0.000000
0.000000
0.000000
0.000000
0.000000
0.001414
0.000000
0.000000
0.000000
0.003174
0.001236
0.000000
0.001281
0.000000
0.000000
0.000000
0.000000
0.000000
0.000000
0.002635
0.000000
0.000000
0.000000
0.000000
0.001384
0.000000
0.000000
0.000000
0.000000
0.000000
0.000000
0.001446
0.000000
0.000000
0.000000
0.000000
0.000000
0.000000
0.002392
0.002189
0.000000
0.000000
0.000000
0.000000
0.000000
0.000000
0.001322
0.000000
0.004031
0.000000
0.000000
0.000000
0.000000
0.000000
0.000000
0.000000
0.000000
0.000000
0.001902
0.000000
0.001682
0.000000
0.000000
0.000000
0.000000
0.001509
0.000000
0.000000
0.000000
0.001507
0.000000
0.000000
0.000000
0.000000
0.000000
0.000000
0.000000
0.002198
0.000000
0.000000
0.000000
0.000000
0.000000
0.000000
0.000000
0.000000
0.000000
0.000000
0.000000
0.000000
0.000000
0.000000
0.000000
0.000000
0.000000
0.001428
0.000000
0.000000
0.001172
0.001262
0.000000
0.001253
0.000000
0.000000
0.000000
0.000000
0.001678
0.000000
0.000000
0.000000
0.000000
0.000000
0.000000
0.001224
0.000000
0.000000
0.000000
0.000000
0.000000
0.000000
0.000000
0.000000
0.000000
0.000000
0.000000
0.000000
0.000000
0.000000
0.000000
0.000000
0.000000
0.000000
0.000000
0.000000
0.000000
0.000000
0.000000
0.000000
0.000000
0.000000
0.000000
0.000000
0.002817
0.000000
0.000000
0.000000
0.000000
0.000000
0.001240
0.000000
0.000000
0.001194
0.000000
0.000000
0.000000
0.000000
0.000000
0.000000
0.000000
0.000000
0.000000
0.000000
0.000000
0.000000
0.000000
0.000000
0.001817
0.000000
0.000000
0.000000
0.000000
0.000000
0.000000
0.000000
0.000000
0.000000
0.000000
0.000000
0.000000
0.001354
0.000000
0.000000
0.000000
0.001994
0.000000
0.000000
0.000000
0.000000
0.000000
0.000000
0.000000
0.000000
0.000000
0.000000
0.000000
0.000000
0.000000
0.000000
0.000000
0.002508
0.000000
0.000000
0.000000
0.000000
0.001407
0.000000
0.000000
0.000000
0.002789
0.000000
0.000000
0.000000
0.002344
0.000000
0.000000
0.000000
0.000000
0.000000
0.000000
0.001706
0.000000
0.001702
0.000000
0.000000
0.001898
0.000000
0.001331
0.000000
0.000000
0.000000
0.000000
0.000000
0.002296
0.000000
0.000000
0.000000
0.000000
0.000000
0.000000
0.000000
0.001369
0.000000
0.000000
0.000000
0.000000
0.000000
0.000000
0.000000
0.000000
0.000000
0.000000
0.001741
0.000000
0.000000
0.000000
0.000000
0.000000
0.000000
0.000000
0.000000
0.000000
0.000000
0.002064
0.000000
0.000000
0.000000
0.000000
0.000000
0.000000
0.000000
0.000000
0.000000
0.000000
0.000000
0.000000
0.000000
0.000000
0.000000
0.000000
0.000000
0.000000
0.000000
0.000000
0.000000
0.000000
0.000000
0.000000
0.000000
0.000000
0.000000
0.000000
0.000000
0.000000
0.001429
0.000000
0.000000
0.000000
0.000000
0.000000
0.000000
0.000000
0.000000
0.000000
0.000000
0.000000
0.001188
0.001395
0.000000
0.000000
0.000000
0.000000
0.000000
0.000000
0.000000
0.000000
0.000000
0.000000
0.000000
0.001222
0.000000
0.000000
0.000000
0.000000
0.000000
0.001508
0.000000
0.000000
0.000000
0.001339
0.001366
0.000000
0.001922
0.000000
0.001455
0.000000
0.001642
0.000000
0.000000
0.000000
0.000000
0.002099
0.000000
0.000000
0.000000
0.000000
0.000000
0.000000
0.001448
0.000000
0.001205
0.000000
0.001588
0.000000
0.000000
0.000000
0.000000
0.000000
0.000000
0.000000
0.000000
0.000000
0.000000
0.001541
0.000000
0.000000
0.001868
0.002240
0.000000
0.000000
0.000000
0.000000
0.000000
0.000000
0.000000
0.000000
0.000000
0.000000
0.000000
0.000000
0.000000
0.000000
0.002435
0.000000
0.000000
0.000000
0.000000
0.000000
0.000000
0.000000
0.000000
0.000000
0.000000
0.000000
0.002143
0.000000
0.000000
0.000000
0.000000
0.000000
0.000000
0.000000
0.001530
0.000000
0.000000
0.000000
0.002134
0.000000
0.000000
0.000000
0.000000
0.000000
0.000000
0.000000
0.000000
0.000000
0.000000
0.001208
0.001196
0.001565
0.000000
0.000000
0.000000
0.001308
0.000000
0.000000
0.000000
0.000000
0.000000
0.000000
0.000000
0.000000
0.000000
0.001521
0.000000
0.000000
0.000000
0.000000
0.000000
0.000000
0.000000
0.000000
0.001200
0.000000
0.000000
0.002038
0.000000
0.001918
0.000000
0.000000
0.000000
0.000000
0.000000
0.000000
0.000000
0.000000
0.001606
0.001270
0.000000
0.000000
0.000000
0.001683
0.000000
0.000000
0.000000
0.001829
0.000000
0.001347
0.000000
0.000000
0.000000
0.000000
0.000000
0.000000
0.001446
0.000000
0.000000
0.000000
0.000000
0.000000
0.000000
0.000000
0.001393
0.000000
0.001867
0.001387
0.001963
0.000000
0.000000
0.000000
0.000000
0.000000
0.000000
0.000000
0.000000
0.000000
0.001734
0.001264
0.000000
0.000000
0.001290
0.000000
0.000000
0.000000
0.000000
0.000000
0.000000
0.000000
0.000000
0.000000
0.000000
0.000000
0.000000
0.000000
0.000000
0.000000
0.000000
0.000000
0.001659
0.000000
0.000000
0.000000
0.000000
0.000000
0.000000
0.000000
0.000000
0.001407
0.000000
0.001505
0.000000
0.000000
0.000000
0.001636
0.000000
0.000000
0.000000
0.000000
0.000000
0.000000
0.000000
0.000000
0.000000
0.000000
0.000000
0.000000
0.011808
0.000000
0.001303
0.000000
0.001186
0.001517
0.000000
0.000000
0.000000
0.000000
0.000000
0.000000
0.000000
0.000000
0.002836
0.000000
0.000000
0.000000
0.000000
0.000000
0.000000
0.000000
0.000000
0.000000
0.000000
0.000000
0.000000
0.000000
0.001209
0.000000
0.000000
0.000000
0.000000
0.000000
0.000000
0.000000
0.000000
0.000000
0.000000
0.000000
0.000000
0.000000
0.000000
0.000000
0.002191
0.000000
0.000000
0.000000
0.001460
0.000000
0.000000
0.000000
0.000000
0.002197
0.000000
0.000000
0.000000
0.001920
0.002146
0.000000
0.001229
0.001726
0.000000
0.000000
0.000000
0.000000
0.000000
0.000000
0.000000
0.000000
0.000000
0.000000
0.000000
0.000000
0.001286
0.000000
0.000000
0.000000
0.000000
0.002428
0.000000
0.000000
0.000000
0.000000
0.000000
0.000000
0.000000
0.000000
0.000000
0.001792
0.000000
0.002843
0.000000
0.000000
0.000000
0.000000
0.001361
0.000000
0.000000
0.000000
0.000000
0.000000
0.000000
0.000000
0.001220
0.000000
0.000000
0.000000
0.000000
0.000000
0.000000
0.000000
0.000000
0.000000
0.001318
0.001501
0.000000
0.001218
0.002688
0.000000
0.000000
0.000000
0.000000
0.000000
0.000000
0.000000
0.000000
0.001456
0.000000
0.001553
0.000000
0.000000
0.000000
0.000000
0.000000
0.000000
0.001429
0.000000
0.000000
0.000000
0.000000
0.000000
0.000000
0.000000
0.000000
0.000000
0.000000
0.000000
0.000000
0.000000
0.000000
0.000000
0.000000
0.000000
0.000000
0.000000
0.000000
0.000000
0.000000
0.001500
0.000000
0.000000
0.000000
0.001611
0.000000
0.000000
0.000000
0.001373
0.000000
0.000000
0.000000
0.000000
0.000000
0.000000
0.000000
0.000000
0.000000
0.000000
0.000000
0.000000
0.000000
0.000000
0.000000
0.000000
0.000000
0.000000
0.000000
0.000000
0.000000
0.000000
0.000000
0.000000
0.000000
0.000000
0.000000
0.000000
0.000000
0.002903
0.000000
0.000000
0.000000
0.000000
0.000000
0.000000
0.000000
0.000000
0.000000
0.000000
0.000000
0.000000
0.000000
0.000000
0.000000
0.000000
0.000000
0.000000
0.001649
0.000000
0.000000
0.000000
0.000000
0.000000
0.000000
0.000000
0.000000
0.000000
0.001362
0.000000
0.001623
0.001609
0.000000
0.000000
0.001315
0.000000
0.000000
0.000000
0.000000
0.000000
0.000000
0.000000
0.002097
0.001241
0.000000
0.001619
0.000000
0.000000
0.000000
0.000000
0.000000
0.000000
0.000000
0.000000
0.001625
0.000000
0.000000
0.000000
0.000000
0.000000
0.002183
0.000000
0.001689
0.000000
0.001672
0.000000
0.000000
0.000000
0.000000
0.000000
0.000000
0.000000
0.001970
0.000000
0.000000
0.000000
0.000000
0.000000
0.000000
0.000000
0.000000
0.001197
0.000000
0.000000
0.001330
0.000000
0.000000
0.000000
0.000000
0.001530
0.000000
0.000000
0.000000
0.000000
0.000000
0.000000
0.000000
0.000000
0.001644
0.001846
0.000000
0.000000
0.002173
0.000000
0.000000
0.001368
0.000000
0.000000
0.000000
0.000000
0.000000
0.000000
0.000000
0.000000
0.000000
0.000000
0.000000
0.000000
0.000000
0.000000
0.000000
0.000000
0.000000
0.001214
0.000000
0.000000
0.000000
0.000000
0.000000
0.000000
0.000000
0.000000
0.000000
0.000000
0.000000
0.001553
0.000000
0.001780
0.000000
0.000000
0.001791
0.000000
0.000000
0.000000
0.000000
0.000000
0.001488
0.000000
0.000000
0.000000
0.000000
0.000000
0.000000
0.000000
0.000000
0.000000
0.000000
0.001522
0.000000
0.000000
0.000000
0.000000
0.000000
0.000000
0.000000
0.000000
0.000000
0.000000
0.000000
0.000000
0.000000
0.000000
0.000000
0.000000
0.000000
0.000000
0.000000
0.000000
0.000000
0.002342
0.000000
0.000000
0.000000
0.000000
0.000000
0.000000
0.000000
0.000000
0.000000
0.000000
0.000000
0.000000
0.000000
0.000000
0.000000
0.001768
0.000000
0.000000
0.000000
0.000000
0.000000
0.000000
0.002107
0.000000
0.001817
0.000000
0.000000
0.000000
0.000000
0.000000
0.000000
0.001811
0.000000
0.002816
0.000000
0.000000
0.000000
0.000000
0.000000
0.000000
0.000000
0.000000
0.000000
0.000000
0.000000
0.000000
0.000000
0.000000
0.000000
0.000000
0.000000
0.000000
0.001341
0.000000
0.000000
0.002395
0.000000
0.001743
0.000000
0.000000
0.000000
0.000000
0.000000
0.000000
0.000000
0.000000
0.001489
0.000000
0.000000
0.000000
0.000000
0.000000
0.000000
0.000000
0.000000
0.000000
0.000000
0.000000
0.000000
0.000000
0.000000
0.001535
0.000000
0.000000
0.000000
0.000000
0.001450
0.000000
0.000000
0.003071
0.000000
0.000000
0.000000
0.000000
0.000000
0.002222
0.000000
0.000000
0.000000
0.001973
0.001287
0.000000
0.000000
0.000000
0.000000
0.000000
0.001416
0.000000
0.000000
0.000000
0.000000
0.000000
0.000000
0.000000
0.000000
0.000000
0.000000
0.000000
0.000000
0.000000
0.000000
0.000000
0.000000
0.001622
0.000000
0.001236
0.001457
0.002715
0.000000
0.000000
0.000000
0.001774
0.000000
0.000000
0.000000
0.000000
0.000000
0.000000
0.000000
0.000000
0.000000
0.000000
0.000000
0.000000
0.000000
0.000000
0.000000
0.000000
0.001462
0.000000
0.000000
0.000000
0.000000
0.000000
0.000000
0.002257
0.000000
0.000000
0.000000
0.000000
0.000000
0.000000
0.000000
0.000000
0.001209
0.000000
0.000000
0.000000
0.000000
0.001208
0.000000
0.000000
0.000000
0.000000
0.000000
0.000000
0.000000
0.000000
0.000000
0.001724
0.000000
0.000000
0.000000
0.000000
0.000000
0.000000
0.000000
0.000000
0.000000
0.000000
0.000000
0.001235
0.000000
0.000000
0.000000
0.000000
0.000000
0.000000
0.000000
0.000000
0.000000
0.000000
0.000000
0.000000
0.000000
0.000000
0.000000
0.000000
0.000000
0.001507
0.000000
0.000000
0.000000
0.000000
0.000000
0.000000
0.000000
0.001180
0.000000
0.000000
0.000000
0.000000
0.000000
0.000000
0.000000
0.000000
0.000000
0.000000
0.000000
0.000000
0.000000
0.000000
0.001267
0.000000
0.000000
0.000000
0.000000
0.000000
0.000000
0.000000
0.000000
0.000000
0.000000
0.000000
0.000000
0.000000
0.000000
0.000000
0.000000
0.000000
0.000000
0.000000
0.001307
0.000000
0.000000
0.000000
0.000000
0.000000
0.000000
0.000000
0.000000
0.000000
0.000000
0.000000
0.000000
0.002642
0.000000
0.000000
0.002011
0.000000
0.000000
0.000000
0.000000
0.000000
0.000000
0.000000
0.000000
0.000000
0.000000
0.000000
0.000000
0.000000
0.000000
0.001348
0.000000
0.000000
0.000000
0.000000
0.000000
0.000000
0.000000
0.000000
0.001636
0.000000
0.000000
0.002353
0.000000
0.001274
0.000000
0.000000
0.000000
0.000000
0.000000
0.000000
0.000000
0.000000
0.000000
0.000000
0.000000
0.000000
0.000000
0.000000
0.000000
0.000000
0.000000
0.000000
0.000000
0.000000
0.000000
0.000000
0.000000
0.000000
0.000000
0.001396
0.000000
0.000000
0.000000
0.000000
0.001349
0.001410
0.000000
0.000000
0.000000
0.000000
0.000000
0.001599
0.000000
0.000000
0.001261
0.000000
0.000000
0.002065
0.000000
0.000000
0.002330
0.000000
0.000000
0.000000
0.000000
0.002019
0.000000
0.000000
0.001304
0.000000
0.000000
0.000000
0.000000
0.000000
0.000000
0.000000
0.000000
0.000000
0.000000
0.002194
0.000000
0.000000
0.000000
0.000000
0.000000
0.000000
0.000000
0.002259
0.000000
0.000000
0.000000
0.000000
0.000000
0.002748
0.000000
0.000000
0.000000
0.000000
0.000000
0.000000
0.000000
0.001365
0.000000
0.000000
0.000000
0.000000
0.000000
0.000000
0.000000
0.000000
0.000000
0.001284
0.000000
0.000000
0.000000
0.000000
0.000000
0.000000
0.000000
0.000000
0.000000
0.000000
0.001709
0.000000
0.000000
0.000000
0.000000
0.000000
0.000000
0.000000
0.000000
0.000000
0.000000
0.000000
0.000000
0.000000
0.000000
0.000000
0.000000
0.000000
0.000000
0.000000
0.001618
0.000000
0.000000
0.000000
0.000000
0.000000
0.000000
0.000000
0.001271
0.000000
0.002277
0.000000
0.000000
0.000000
0.000000
0.000000
0.001984
0.000000
0.000000
0.000000
0.000000
0.000000
0.000000
0.000000
0.000000
0.000000
0.000000
0.000000
0.001207
0.000000
0.000000
0.000000
0.000000
0.000000
0.000000
0.000000
0.000000
0.001845
0.000000
0.000000
0.000000
0.000000
0.000000
0.000000
0.000000
0.000000
0.000000
0.000000
0.000000
0.000000
0.001231
0.000000
0.000000
0.000000
0.000000
0.000000
0.000000
0.000000
0.000000
0.002418
0.000000
0.000000
0.000000
0.000000
0.000000
0.000000
0.000000
0.002018
