0.000000
0.000000
0.000000
0.000000
0.000000
0.000000
0.000000
0.000000
0.002389
0.000000
0.000000
0.001526
0.000000
0.000000
0.000000
0.000000
0.004014
0.000000
0.000000
0.000000
0.000000
0.001375
0.000000
0.001451
0.000000
0.000000
0.000000
0.002391
0.000000
0.000000
0.001732
0.000000
0.000000
0.002878
0.000000
0.002508
0.000000
0.001814
0.000000
0.000000
0.000000
0.000000
0.000000
0.000000
0.000000
0.000000
0.004999
0.000000
0.000000
0.000000
0.000000
0.001493
0.000000
0.000000
0.000000
0.000000
0.000000
0.000000
0.000000
0.000000
0.000000
0.000000
0.000000
0.000000
0.000000
0.001511
0.000000
0.000000
0.000000
0.001476
0.001731
0.000000
0.000000
0.000000
0.000000
0.000000
0.000000
0.000000
0.000000
0.000000
0.000000
0.000000
0.000000
0.000000
0.000000
0.002087
0.000000
0.000000
0.000000
0.000000
0.000000
0.001438
0.002101
0.000000
0.000000
0.000000
0.000000
0.000000
0.000000
0.000000
0.003010
0.000000
0.000000
0.001522
0.000000
0.000000
0.000000
0.000000
0.000000
0.000000
0.000000
0.001737
0.000000
0.000000
0.001725
0.000000
0.000000
0.000000
0.000000
0.000000
0.000000
0.000000
0.000000
0.002105
0.000000
0.000000
0.000000
0.002037
0.000000
0.000000
0.000000
0.000000
0.000000
0.001795
0.000000
0.000000
0.000000
0.001941
0.000000
0.000000
0.000000
0.000000
0.000000
0.000000
0.000000
0.000000
0.000000
0.000000
0.000000
0.002027
0.000000
0.000000
0.000000
0.000000
0.002257
0.000000
0.002412
0.000000
0.000000
0.000000
0.000000
0.000000
0.000000
0.000000
0.000000
0.000000
0.000000
0.001366
0.000000
0.000000
0.000000
0.000000
0.001388
0.001776
0.000000
0.000000
0.000000
0.000000
0.000000
0.000000
0.000000
0.000000
0.000000
0.000000
0.000000
0.000000
0.000000
0.001818
0.000000
0.000000
0.000000
0.000000
0.000000
0.000000
0.000000
0.000000
0.000000
0.005037
0.000000
0.000000
0.000000
0.000000
0.001741
0.000000
0.001561
0.000000
0.000000
0.000000
0.000000
0.000000
0.000000
0.000000
0.000000
0.000000
0.000000
0.000000
0.000000
0.000000
0.000000
0.000000
0.000000
0.000000
0.000000
0.000000
0.000000
0.003123
0.001517
0.000000
0.001325
0.000000
0.000000
0.000000
0.000000
0.003832
0.001391
0.000000
0.000000
0.001586
0.000000
0.000000
0.000000
0.000000
0.000000
0.000000
0.000000
0.000000
0.000000
0.000000
0.000000
0.000000
0.000000
0.000000
0.001843
0.000000
0.001755
0.000000
0.000000
0.000000
0.000000
0.000000
0.000000
0.000000
0.000000
0.002215
0.001609
0.000000
0.000000
0.000000
0.002309
0.000000
0.000000
0.000000
0.000000
0.000000
0.000000
0.000000
0.000000
0.000000
0.000000
0.001862
0.000000
0.000000
0.000000
0.000000
0.000000
0.000000
0.000000
0.001630
0.001623
0.000000
0.000000
0.000000
0.000000
0.000000
0.000000
0.000000
0.001452
0.000000
0.000000
0.000000
0.000000
0.000000
0.001770
0.001678
0.000000
0.000000
0.000000
0.000000
0.000000
0.001601
0.000000
0.000000
0.000000
0.000000
0.000000
0.000000
0.000000
0.000000
0.000000
0.000000
0.000000
0.000000
0.000000
0.000000
0.001942
0.000000
0.001551
0.000000
0.000000
0.000000
0.000000
0.000000
0.000000
0.001872
0.000000
0.000000
0.000000
0.000000
0.000000
0.000000
0.001417
0.000000
0.000000
0.000000
0.000000
0.002099
0.000000
0.000000
0.001483
0.000000
0.000000
0.000000
0.000000
0.000000
0.000000
0.000000
0.001383
0.000000
0.000000
0.000000
0.000000
0.000000
0.000000
0.000000
0.000000
0.000000
0.000000
0.000000
0.000000
0.000000
0.000000
0.004280
0.000000
0.000000
0.000000
0.000000
0.000000
0.000000
0.001515
0.000000
0.000000
0.001337
0.001436
0.000000
0.000000
0.000000
0.000000
0.000000
0.000000
0.000000
0.000000
0.000000
0.000000
0.000000
0.000000
0.000000
0.000000
0.002148
0.000000
0.001885
0.000000
0.000000
0.001940
0.002411
0.001674
0.003866
0.000000
0.000000
0.000000
0.000000
0.001753
0.000000
0.000000
0.001776
0.000000
0.000000
0.000000
0.000000
0.000000
0.000000
0.000000
0.000000
0.000000
0.000000
0.000000
0.000000
0.000000
0.000000
0.000000
0.000000
0.000000
0.000000
0.000000
0.000000
0.001718
0.000000
0.000000
0.000000
0.000000
0.000000
0.001379
0.000000
0.001352
0.000000
0.000000
0.000000
0.000000
0.000000
0.000000
0.002160
0.000000
0.002013
0.000000
0.000000
0.000000
0.000000
0.000000
0.000000
0.000000
0.000000
0.000000
0.000000
0.000000
0.000000
0.000000
0.000000
0.000000
0.000000
0.000000
0.000000
0.000000
0.000000
0.000000
0.000000
0.000000
0.000000
0.000000
0.000000
0.000000
0.000000
0.000000
0.000000
0.000000
0.000000
0.000000
0.000000
0.000000
0.000000
0.000000
0.001995
0.000000
0.005704
0.000000
0.000000
0.000000
0.000000
0.000000
0.000000
0.000000
0.000000
0.000000
0.000000
0.000000
0.001816
0.000000
0.000000
0.000000
0.000000
0.000000
0.000000
0.000000
0.002231
0.000000
0.000000
0.000000
0.000000
0.000000
0.000000
0.000000
0.000000
0.000000
0.000000
0.000000
0.001520
0.000000
0.000000
0.000000
0.000000
0.000000
0.000000
0.000000
0.000000
0.000000
0.000000
0.000000
0.000000
0.000000
0.000000
0.000000
0.000000
0.000000
0.000000
0.000000
0.000000
0.000000
0.000000
0.001788
0.000000
0.000000
0.000000
0.000000
0.000000
0.001392
0.000000
0.000000
0.000000
0.000000
0.000000
0.000000
0.000000
0.000000
0.000000
0.000000
0.000000
0.000000
0.000000
0.000000
0.000000
0.000000
0.000000
0.000000
0.000000
0.000000
0.000000
0.000000
0.000000
0.000000
0.000000
0.001584
0.000000
0.001392
0.000000
0.000000
0.002127
0.000000
0.001961
0.000000
0.000000
0.003210
0.000000
0.000000
0.000000
0.000000
0.000000
0.000000
0.000000
0.002072
0.002364
0.000000
0.001724
0.000000
0.000000
0.001444
0.000000
0.000000
0.000000
0.000000
0.002251
0.000000
0.000000
0.002525
0.000000
0.000000
0.000000
0.000000
0.000000
0.000000
0.000000
0.000000
0.000000
0.000000
0.000000
0.000000
0.000000
0.000000
0.000000
0.000000
0.001755
0.000000
0.001813
0.000000
0.000000
0.000000
0.000000
0.000000
0.000000
0.000000
0.000000
0.000000
0.000000
0.000000
0.000000
0.000000
0.000000
0.000000
0.001415
0.000000
0.000000
0.000000
0.000000
0.000000
0.000000
0.000000
0.000000
0.000000
0.000000
0.000000
0.001563
0.000000
0.000000
0.000000
0.000000
0.000000
0.001842
0.001959
0.000000
0.000000
0.000000
0.000000
0.001451
0.001392
0.000000
0.000000
0.000000
0.000000
0.000000
0.001937
0.001352
0.000000
0.000000
0.002927
0.000000
0.000000
0.000000
0.000000
0.000000
0.000000
0.000000
0.000000
0.000000
0.000000
0.000000
0.000000
0.001523
0.000000
0.000000
0.000000
0.000000
0.000000
0.000000
0.000000
0.000000
0.000000
0.001443
0.000000
0.000000
0.000000
0.000000
0.000000
0.000000
0.000000
0.000000
0.000000
0.000000
0.000000
0.000000
0.000000
0.000000
0.000000
0.000000
0.000000
0.002510
0.000000
0.003052
0.002321
0.000000
0.000000
0.000000
0.000000
0.000000
0.000000
0.001490
0.000000
0.000000
0.000000
0.000000
0.002631
0.000000
0.000000
0.000000
0.000000
0.000000
0.000000
0.001969
0.000000
0.000000
0.000000
0.000000
0.000000
0.001827
0.000000
0.000000
0.000000
0.000000
0.000000
0.000000
0.000000
0.000000
0.000000
0.000000
0.000000
0.000000
0.000000
0.000000
0.000000
0.000000
0.000000
0.000000
0.000000
0.000000
0.000000
0.001795
0.000000
0.000000
0.000000
0.000000
0.000000
0.000000
0.002585
0.000000
0.000000
0.000000
0.002131
0.000000
0.000000
0.000000
0.000000
0.000000
0.000000
0.000000
0.000000
0.000000
0.000000
0.000000
0.000000
0.000000
0.000000
0.000000
0.000000
0.000000
0.000000
0.000000
0.000000
0.000000
0.000000
0.000000
0.000000
0.000000
0.000000
0.000000
0.000000
0.000000
0.000000
0.000000
0.000000
0.000000
0.000000
0.000000
0.000000
0.000000
0.003483
0.000000
0.000000
0.000000
0.000000
0.000000
0.000000
0.001395
0.000000
0.000000
0.001541
0.001362
0.000000
0.000000
0.000000
0.000000
0.000000
0.003146
0.000000
0.000000
0.000000
0.000000
0.000000
0.000000
0.000000
0.000000
0.000000
0.000000
0.000000
0.000000
0.000000
0.001676
0.000000
0.000000
0.002014
0.001625
0.000000
0.000000
0.000000
0.000000
0.000000
0.000000
0.000000
0.000000
0.000000
0.000000
0.000000
0.000000
0.000000
0.000000
0.000000
0.000000
0.000000
0.000000
0.001857
0.000000
0.000000
0.002314
0.000000
0.001966
0.000000
0.000000
0.000000
0.000000
0.000000
0.000000
0.000000
0.002125
0.000000
0.000000
0.000000
0.000000
0.000000
0.000000
0.000000
0.000000
0.000000
0.000000
0.000000
0.000000
0.000000
0.000000
0.000000
0.000000
0.000000
0.000000
0.000000
0.000000
0.000000
0.000000
0.000000
0.000000
0.000000
0.000000
0.001517
0.000000
0.000000
0.002132
0.000000
0.000000
0.000000
0.000000
0.000000
0.000000
0.001748
0.001323
0.000000
0.000000
0.000000
0.000000
0.000000
0.000000
0.000000
0.000000
0.000000
0.000000
0.000000
0.000000
0.000000
0.000000
0.000000
0.000000
0.000000
0.000000
0.000000
0.000000
0.004253
0.000000
0.000000
0.000000
0.000000
0.000000
0.000000
0.005327
0.000000
0.003097
0.000000
0.001907
0.000000
0.000000
0.000000
0.000000
0.000000
0.000000
0.000000
0.000000
0.001541
0.000000
0.000000
0.000000
0.000000
0.000000
0.002231
0.000000
0.000000
0.000000
0.000000
0.000000
0.000000
0.000000
0.000000
0.000000
0.000000
0.000000
0.000000
0.000000
0.002621
0.000000
0.000000
0.000000
0.000000
0.000000
0.002191
0.001845
0.001890
0.001713
0.000000
0.000000
0.000000
0.000000
0.000000
0.002084
0.000000
0.000000
0.000000
0.000000
0.000000
0.000000
0.000000
0.001908
0.000000
0.000000
0.000000
0.000000
0.000000
0.000000
0.000000
0.000000
0.000000
0.000000
0.000000
0.000000
0.000000
0.000000
0.000000
0.000000
0.000000
0.000000
0.000000
0.001670
0.000000
0.000000
0.000000
0.000000
0.000000
0.001563
0.000000
0.001406
0.000000
0.000000
0.000000
0.000000
0.000000
0.000000
0.000000
0.000000
0.000000
0.000000
0.000000
0.000000
0.000000
0.000000
0.000000
0.000000
0.000000
0.000000
0.000000
0.000000
0.002523
0.000000
0.000000
0.000000
0.000000
0.000000
0.000000
0.002486
0.000000
0.000000
0.000000
0.002715
0.000000
0.000000
0.000000
0.000000
0.000000
0.000000
0.000000
0.000000
0.000000
0.000000
0.000000
0.000000
0.002323
0.000000
0.002266
0.000000
0.002059
0.000000
0.000000
0.000000
0.000000
0.000000
0.000000
0.000000
0.000000
0.000000
0.000000
0.000000
0.000000
0.000000
0.000000
0.000000
0.000000
0.000000
0.000000
0.000000
0.000000
0.003934
0.000000
0.000000
0.000000
0.000000
0.000000
0.000000
0.000000
0.000000
0.000000
0.000000
0.001489
0.000000
0.000000
0.000000
0.000000
0.000000
0.000000
0.000000
0.000000
0.001525
0.000000
0.000000
0.001435
0.000000
0.000000
0.000000
0.000000
0.000000
0.000000
0.000000
0.000000
0.001555
0.000000
0.000000
0.000000
0.000000
0.000000
0.000000
0.000000
0.000000
0.001507
0.000000
0.001900
0.002018
0.000000
0.000000
0.000000
0.001556
0.000000
0.000000
0.000000
0.000000
0.000000
0.002505
0.000000
0.000000
0.000000
0.000000
0.000000
0.000000
0.000000
0.001958
0.002127
0.000000
0.000000
0.000000
0.000000
0.000000
0.001793
0.000000
0.000000
0.000000
0.000000
0.000000
0.000000
0.000000
0.000000
0.000000
0.000000
0.000000
0.000000
0.000000
0.000000
0.000000
0.001435
0.003124
0.000000
0.000000
0.000000
0.000000
0.000000
0.000000
0.000000
0.000000
0.000000
0.000000
0.000000
0.000000
0.000000
0.000000
0.000000
0.002036
0.000000
0.000000
0.000000
0.000000
0.001350
0.000000
0.000000
0.002385
0.000000
0.000000
0.000000
0.000000
0.000000
0.000000
0.000000
0.000000
0.000000
0.000000
0.000000
0.000000
0.001436
0.000000
0.000000
0.000000
0.000000
0.000000
0.000000
0.000000
0.001622
0.000000
0.000000
0.000000
0.000000
0.000000
0.000000
0.000000
0.000000
0.000000
0.000000
0.000000
0.000000
0.000000
0.000000
0.000000
0.000000
0.000000
0.000000
0.000000
0.001876
0.001528
0.000000
0.000000
0.000000
0.000000
0.000000
0.000000
0.000000
0.000000
0.001795
0.001680
0.000000
0.000000
0.000000
0.000000
0.000000
0.000000
0.000000
0.000000
0.000000
0.000000
0.000000
0.001945
0.001560
0.000000
0.000000
0.000000
0.000000
0.000000
0.000000
0.000000
0.000000
0.000000
0.001336
0.001350
0.000000
0.000000
0.000000
0.000000
0.000000
0.000000
0.000000
0.000000
0.000000
0.000000
0.000000
0.000000
0.002205
0.004140
0.001779
0.000000
0.000000
0.000000
0.000000
0.000000
0.000000
0.000000
0.000000
0.000000
0.000000
0.000000
0.003446
0.000000
0.000000
0.000000
0.000000
0.000000
0.002156
0.000000
0.000000
0.000000
0.000000
0.000000
0.000000
0.000000
0.002320
0.000000
0.001550
0.000000
0.000000
0.000000
0.000000
0.000000
0.000000
0.000000
0.000000
0.000000
0.000000
0.000000
0.000000
0.000000
0.001877
0.000000
0.000000
0.000000
0.000000
0.000000
0.000000
0.000000
0.000000
0.000000
0.000000
0.000000
0.002153
0.000000
0.000000
0.000000
0.001945
0.001785
0.000000
0.000000
0.000000
0.000000
0.000000
0.000000
0.000000
0.000000
0.000000
0.000000
0.001636
0.000000
0.000000
0.000000
0.001939
0.000000
0.000000
0.000000
0.000000
0.000000
0.000000
0.000000
0.000000
0.000000
0.000000
0.000000
0.000000
0.000000
0.000000
0.000000
0.000000
0.000000
0.000000
0.000000
0.000000
0.000000
0.000000
0.000000
0.000000
0.000000
0.002532
0.000000
0.000000
0.000000
0.000000
0.000000
0.000000
0.001465
0.000000
0.002243
0.000000
0.001931
0.000000
0.000000
0.002271
0.000000
0.000000
0.000000
0.002080
0.000000
0.002942
0.000000
0.000000
0.000000
0.000000
0.000000
0.000000
0.000000
0.000000
0.000000
0.000000
0.000000
0.000000
0.000000
0.000000
0.000000
0.000000
0.000000
0.000000
0.000000
0.000000
0.000000
0.001640
0.000000
0.000000
0.000000
0.000000
0.000000
0.000000
0.000000
0.002088
0.000000
0.001735
0.000000
0.000000
0.002067
0.000000
0.000000
0.000000
0.000000
0.000000
0.002349
0.000000
0.000000
0.000000
0.000000
0.000000
0.001386
0.000000
0.000000
0.000000
0.000000
0.000000
0.000000
0.000000
0.000000
0.000000
0.000000
0.000000
0.000000
0.000000
0.000000
0.001659
0.000000
0.000000
0.001359
0.000000
0.000000
0.000000
0.000000
0.001603
0.000000
0.000000
0.000000
0.000000
0.000000
0.000000
0.000000
0.000000
0.000000
0.000000
0.000000
0.000000
0.000000
0.000000
0.000000
0.002895
0.000000
0.000000
0.000000
0.000000
0.000000
0.001491
0.000000
0.000000
0.000000
0.000000
0.001481
0.000000
0.000000
0.000000
0.000000
0.002259
0.001666
0.000000
0.000000
0.000000
0.001425
0.000000
0.000000
0.000000
0.000000
0.000000
0.000000
0.000000
0.000000
0.000000
0.000000
0.000000
0.000000
0.000000
0.000000
0.000000
0.000000
0.000000
0.001744
0.000000
0.000000
0.000000
0.000000
0.000000
0.001943
0.000000
0.000000
0.000000
0.001940
0.000000
0.000000
0.000000
0.002615
0.000000
0.001932
0.001605
0.001579
0.000000
0.000000
0.000000
0.000000
0.001371
0.001366
0.000000
0.000000
0.000000
0.001344
0.001454
0.000000
0.000000
0.000000
0.000000
0.000000
0.000000
0.000000
0.000000
0.000000
0.000000
0.000000
0.000000
0.000000
0.000000
0.000000
0.000000
0.000000
0.000000
0.002280
0.000000
0.000000
0.000000
0.001459
0.000000
0.000000
0.000000
0.000000
0.000000
0.000000
0.000000
0.000000
0.000000
0.000000
0.000000
0.002276
0.000000
0.000000
0.002138
0.002106
0.000000
0.000000
0.001598
0.000000
0.000000
0.000000
0.000000
0.000000
0.000000
0.000000
0.000000
0.000000
0.000000
0.000000
0.000000
0.000000
0.000000
0.000000
0.000000
0.000000
0.000000
0.000000
0.000000
0.000000
0.001663
0.000000
0.000000
0.000000
0.000000
0.000000
0.000000
0.000000
0.000000
0.000000
0.000000
0.000000
0.000000
0.000000
0.000000
0.000000
0.000000
0.000000
0.000000
0.000000
0.000000
0.000000
0.001765
0.000000
0.000000
0.000000
0.000000
0.000000
0.001345
0.000000
0.000000
0.000000
0.000000
0.000000
0.000000
0.000000
0.000000
0.000000
0.000000
0.001666
0.000000
0.000000
0.000000
0.000000
0.000000
0.000000
0.000000
0.000000
0.000000
0.000000
0.000000
0.000000
0.000000
0.000000
0.000000
0.001656
0.000000
0.000000
0.000000
0.000000
0.000000
0.000000
0.000000
0.002317
0.000000
0.000000
0.000000
0.000000
0.000000
0.000000
0.000000
0.000000
0.000000
0.000000
0.000000
0.000000
0.000000
0.000000
0.000000
0.000000
0.000000
0.000000
0.000000
0.000000
0.000000
0.000000
0.000000
0.000000
0.000000
0.000000
0.000000
0.000000
0.000000
0.000000
0.000000
0.000000
0.000000
0.000000
0.000000
0.000000
0.000000
0.000000
0.000000
0.000000
0.000000
0.000000
0.000000
0.000000
0.000000
0.000000
0.000000
0.000000
0.001322
0.000000
0.000000
0.000000
0.000000
0.003112
0.000000
0.000000
0.000000
0.000000
0.001886
0.000000
0.000000
0.000000
0.000000
0.000000
0.000000
0.000000
0.000000
0.000000
0.000000
0.000000
0.000000
0.000000
0.000000
0.000000
0.000000
0.000000
0.000000
0.000000
0.000000
0.000000
0.000000
0.000000
0.001655
0.000000
0.000000
0.001737
0.000000
0.000000
0.000000
0.000000
0.000000
0.001331
0.000000
0.000000
0.000000
0.000000
0.000000
0.000000
0.001492
0.000000
0.000000
0.000000
0.000000
0.000000
0.000000
0.000000
0.002551
0.000000
0.000000
0.000000
0.000000
0.000000
0.000000
0.000000
0.001608
0.000000
0.002723
0.000000
0.000000
0.000000
0.000000
0.000000
0.000000
0.000000
0.000000
0.000000
0.000000
0.000000
0.000000
0.000000
0.000000
0.000000
0.000000
0.000000
0.000000
0.002297
0.000000
0.000000
0.000000
0.000000
0.002282
0.002065
0.000000
0.000000
0.000000
0.000000
0.000000
0.001962
0.000000
0.000000
0.001713
0.000000
0.000000
0.000000
0.000000
0.000000
0.000000
0.000000
0.000000
0.000000
0.000000
0.000000
0.000000
0.001650
0.000000
0.000000
0.000000
0.000000
0.000000
0.000000
0.000000
0.000000
0.000000
0.001490
0.000000
0.000000
0.000000
0.000000
0.000000
0.000000
0.000000
0.000000
0.000000
0.000000
0.003050
0.000000
0.000000
0.000000
0.000000
0.000000
0.000000
0.000000
0.000000
0.000000
0.000000
0.000000
0.000000
0.000000
0.000000
0.000000
0.000000
0.000000
0.000000
0.000000
0.000000
0.000000
0.000000
0.000000
0.000000
0.000000
0.000000
0.001624
0.000000
0.000000
0.000000
0.000000
0.000000
0.000000
0.000000
0.000000
0.000000
0.000000
0.000000
0.000000
0.000000
0.000000
0.000000
0.000000
0.002126
0.000000
0.000000
0.000000
0.000000
0.000000
0.000000
0.000000
0.001780
0.000000
0.000000
0.000000
0.000000
0.000000
0.000000
0.000000
0.000000
0.000000
0.000000
0.000000
0.000000
0.000000
0.000000
0.000000
0.000000
0.000000
0.000000
0.000000
0.000000
0.001518
0.000000
0.000000
0.000000
0.000000
0.000000
0.000000
0.000000
0.000000
0.000000
0.002112
0.000000
0.000000
0.000000
0.000000
0.000000
0.000000
0.001319
0.000000
0.000000
0.000000
0.000000
0.000000
0.000000
0.000000
0.000000
0.000000
0.001829
0.000000
0.000000
0.000000
0.000000
0.000000
0.000000
0.001802
0.001528
0.000000
0.000000
0.000000
0.000000
0.000000
0.000000
0.000000
0.000000
0.000000
0.000000
0.000000
0.001554
0.000000
0.000000
0.000000
0.000000
0.000000
0.000000
0.000000
0.000000
0.000000
0.001587
0.002293
0.001754
0.000000
0.001359
0.000000
0.002356
0.000000
0.000000
0.000000
0.002204
0.000000
0.000000
0.000000
0.000000
0.000000
0.000000
0.000000
0.000000
0.000000
0.000000
0.000000
0.000000
0.000000
0.000000
0.000000
0.000000
0.001403
0.001890
0.000000
0.001416
0.000000
0.000000
0.000000
0.000000
0.000000
0.000000
0.000000
0.000000
0.001932
0.000000
0.000000
0.000000
0.000000
0.000000
0.000000
0.000000
0.000000
0.000000
0.000000
0.000000
0.000000
0.000000
0.000000
0.000000
0.000000
0.000000
0.000000
0.000000
0.002170
0.000000
0.000000
0.000000
0.000000
0.001589
0.000000
0.000000
0.000000
0.000000
0.000000
0.000000
0.000000
0.000000
0.000000
0.000000
0.001734
0.000000
0.000000
0.000000
0.000000
0.000000
0.000000
0.000000
0.000000
0.002285
0.000000
0.000000
0.000000
0.000000
0.000000
0.000000
0.000000
0.000000
0.000000
0.000000
0.000000
0.000000
0.000000
0.001542
0.000000
0.000000
0.000000
0.000000
0.000000
0.000000
0.000000
0.000000
0.000000
0.000000
0.000000
0.000000
0.000000
0.000000
0.000000
0.001675
0.000000
0.000000
0.000000
0.000000
0.000000
0.000000
0.000000
0.000000
0.000000
0.000000
0.001442
0.000000
0.001407
0.000000
0.000000
0.000000
0.000000
0.000000
0.001898
0.000000
0.000000
0.000000
0.000000
0.001948
0.000000
0.000000
0.000000
0.000000
0.000000
0.000000
0.000000
0.000000
0.000000
0.000000
0.000000
0.000000
0.000000
0.000000
0.000000
0.000000
0.000000
0.000000
0.000000
0.000000
0.002596
0.000000
0.000000
0.000000
0.000000
0.000000
0.000000
0.000000
0.000000
0.000000
0.000000
0.000000
0.000000
0.000000
0.000000
0.000000
0.000000
0.001635
0.000000
0.002183
0.000000
0.000000
0.000000
0.000000
0.000000
0.000000
0.000000
0.000000
0.000000
0.000000
0.000000
0.000000
0.000000
0.000000
0.000000
0.000000
0.000000
0.000000
0.000000
0.002007
0.000000
0.000000
0.000000
0.000000
0.000000
0.000000
0.000000
0.000000
0.000000
0.000000
0.000000
0.000000
0.000000
0.000000
0.000000
0.000000
0.001978
0.000000
0.000000
0.000000
0.000000
0.000000
0.000000
0.000000
0.000000
0.000000
0.000000
0.000000
0.002671
0.000000
0.000000
0.000000
0.000000
0.001401
0.000000
0.000000
0.000000
0.000000
0.000000
0.000000
0.000000
0.000000
0.000000
0.000000
0.000000
0.000000
0.000000
0.000000
0.001533
0.000000
0.000000
0.000000
0.000000
0.000000
0.000000
0.000000
0.001814
0.000000
0.002741
0.000000
0.001449
0.000000
0.000000
0.000000
0.001565
0.000000
0.000000
0.000000
0.000000
0.000000
0.001590
0.000000
0.000000
0.001484
0.002201
0.000000
0.000000
0.000000
0.000000
0.000000
0.000000
0.000000
0.000000
0.000000
0.000000
0.000000
0.000000
0.000000
0.000000
0.000000
0.000000
0.000000
0.000000
0.000000
0.000000
0.000000
0.001376
0.000000
0.000000
0.000000
0.002419
0.000000
0.000000
0.000000
0.000000
0.000000
0.000000
0.000000
0.001378
0.001584
0.000000
0.000000
0.000000
0.000000
0.000000
0.000000
0.000000
0.000000
0.000000
0.000000
0.000000
0.000000
0.000000
0.002271
0.000000
0.000000
0.000000
0.000000
0.000000
0.000000
0.000000
0.001477
0.000000
0.000000
0.000000
0.000000
0.001486
0.001384
0.000000
0.000000
0.000000
0.000000
0.000000
0.000000
0.000000
0.000000
0.000000
0.000000
0.000000
0.000000
0.000000
0.000000
0.000000
0.000000
0.000000
0.000000
0.000000
0.000000
0.000000
0.000000
0.000000
0.000000
0.000000
0.000000
0.000000
0.000000
0.000000
0.000000
0.000000
0.000000
0.001895
0.000000
0.001429
0.000000
0.000000
0.000000
0.000000
0.000000
0.001483
0.000000
0.000000
0.000000
0.000000
0.000000
0.000000
0.002176
0.000000
0.000000
0.000000
0.000000
0.000000
0.000000
0.000000
0.000000
0.000000
0.000000
0.000000
0.000000
0.000000
0.000000
0.000000
0.000000
0.000000
0.000000
0.000000
0.000000
0.001423
0.000000
0.000000
0.000000
0.000000
0.000000
0.002216
0.002378
0.000000
0.000000
0.000000
0.000000
0.000000
0.000000
0.000000
0.000000
0.000000
0.001506
0.000000
0.000000
0.000000
0.000000
0.000000
0.000000
0.000000
0.000000
0.000000
0.000000
0.002173
0.000000
0.000000
0.000000
0.000000
0.000000
0.000000
0.000000
0.000000
0.000000
0.000000
0.000000
0.000000
0.000000
0.001824
0.000000
0.000000
0.002748
0.000000
0.000000
0.000000
0.000000
0.001716
0.000000
0.000000
0.000000
0.000000
0.000000
0.000000
0.000000
0.000000
0.000000
0.000000
0.001703
0.000000
0.000000
0.001337
0.000000
0.001639
0.001582
0.000000
0.000000
0.001355
0.000000
0.000000
0.000000
0.000000
0.001827
0.000000
0.000000
0.001833
0.000000
0.000000
0.001854
0.000000
0.000000
0.001527
0.002881
0.000000
0.000000
0.000000
0.000000
0.000000
0.000000
0.002704
0.000000
0.000000
0.000000
0.001480
0.000000
0.000000
0.000000
0.000000
0.002684
0.000000
0.000000
0.000000
0.000000
0.001333
0.000000
0.000000
0.000000
0.000000
0.000000
0.000000
0.000000
0.002069
0.000000
0.000000
0.000000
0.001368
0.000000
0.000000
0.000000
0.000000
0.000000
0.000000
0.000000
0.000000
0.000000
0.000000
0.000000
0.000000
0.000000
0.000000
0.000000
0.000000
0.002049
0.000000
0.001646
0.002530
0.000000
0.000000
0.001828
0.001395
0.000000
0.000000
0.000000
0.000000
0.000000
0.000000
0.000000
0.000000
0.000000
0.002329
0.000000
0.000000
0.000000
0.000000
0.000000
0.000000
0.000000
0.000000
0.000000
0.000000
0.000000
0.000000
0.000000
0.000000
0.001811
0.000000
0.000000
0.001928
0.000000
0.001905
0.000000
0.000000
0.001335
0.000000
0.000000
0.000000
0.000000
0.000000
0.000000
0.000000
0.000000
0.000000
0.000000
0.000000
0.000000
0.000000
0.001459
0.001654
0.001786
0.000000
0.000000
0.002120
0.000000
0.000000
0.000000
0.000000
0.002202
0.000000
0.000000
0.000000
0.000000
0.000000
0.000000
0.000000
0.000000
0.000000
0.000000
0.000000
0.000000
0.002388
0.000000
0.000000
0.000000
0.000000
0.001499
0.000000
0.000000
0.000000
0.000000
0.000000
0.000000
0.000000
0.000000
0.000000
0.000000
0.000000
0.000000
0.000000
0.000000
0.000000
0.000000
0.000000
0.001477
0.000000
0.000000
0.000000
0.000000
0.000000
0.000000
0.000000
0.000000
0.000000
0.000000
0.000000
0.000000
0.000000
0.000000
0.001351
0.001977
0.000000
0.000000
0.000000
0.000000
0.000000
0.000000
0.000000
0.000000
0.001459
0.000000
0.000000
0.001873
0.000000
0.000000
0.000000
0.000000
0.001464
0.000000
0.000000
0.000000
0.000000
0.000000
0.000000
0.000000
0.000000
0.000000
0.000000
0.000000
0.000000
0.000000
0.000000
0.000000
0.000000
0.000000
0.000000
0.000000
0.000000
0.000000
0.001345
0.001956
0.000000
0.000000
0.000000
0.000000
0.000000
0.000000
0.000000
0.001775
0.000000
0.000000
0.000000
0.001977
0.000000
0.000000
0.000000
0.000000
0.000000
0.000000
0.001471
0.000000
0.000000
0.000000
0.000000
0.000000
0.000000
0.000000
0.000000
0.000000
0.000000
0.000000
0.000000
0.000000
0.001696
0.000000
0.002637
0.000000
0.000000
0.000000
0.000000
0.000000
0.000000
0.000000
0.000000
0.000000
0.000000
0.000000
0.000000
0.000000
0.000000
0.000000
0.000000
0.000000
0.000000
0.000000
0.000000
0.000000
0.000000
0.000000
0.002073
0.001560
0.000000
0.001772
0.001502
0.000000
0.001908
0.000000
0.000000
0.000000
0.000000
0.000000
0.001420
0.000000
0.000000
0.000000
0.000000
0.000000
0.000000
0.000000
0.000000
0.000000
0.000000
0.000000
0.000000
0.000000
0.000000
0.000000
0.000000
0.000000
0.000000
0.000000
0.000000
0.000000
0.000000
0.000000
0.000000
0.000000
0.000000
0.000000
0.000000
0.000000
0.001965
0.000000
0.000000
0.000000
0.000000
0.000000
0.000000
0.001375
0.000000
0.000000
0.000000
0.000000
0.001905
0.000000
0.000000
0.000000
0.000000
0.000000
0.000000
0.000000
0.000000
0.001707
0.000000
0.000000
0.000000
0.000000
0.000000
0.000000
0.000000
0.000000
0.000000
0.000000
0.000000
0.000000
0.000000
0.000000
0.000000
0.000000
0.001964
0.000000
0.000000
0.000000
0.000000
0.000000
0.001990
0.000000
0.000000
0.000000
0.000000
0.000000
0.000000
0.000000
0.000000
0.000000
0.000000
0.002621
0.000000
0.002039
0.000000
0.000000
0.000000
0.000000
0.000000
0.000000
0.000000
0.003071
0.000000
0.000000
0.000000
0.000000
0.000000
0.000000
0.000000
0.000000
0.000000
0.000000
0.000000
0.000000
0.000000
0.000000
0.000000
0.004218
0.000000
0.000000
0.000000
0.002533
0.000000
0.001566
0.000000
0.000000
0.000000
0.000000
0.000000
0.000000
0.000000
0.000000
0.002237
0.000000
0.001621
0.000000
0.000000
0.000000
0.000000
0.000000
0.000000
0.000000
0.000000
0.000000
0.000000
0.000000
0.001730
0.000000
0.000000
0.000000
0.000000
0.000000
0.000000
0.000000
0.001351
0.000000
0.000000
0.000000
0.000000
0.000000
0.000000
0.000000
0.000000
0.000000
0.000000
0.000000
0.000000
0.000000
0.000000
0.001394
0.000000
0.000000
0.000000
0.000000
0.000000
0.000000
0.000000
0.000000
0.000000
0.000000
0.000000
0.002353
0.000000
0.002098
0.000000
0.001357
0.000000
0.000000
0.000000
0.000000
0.000000
0.000000
0.000000
0.000000
0.000000
0.000000
0.000000
0.000000
0.000000
0.000000
0.000000
0.000000
0.001533
0.000000
0.000000
0.001391
0.000000
0.000000
0.000000
0.000000
0.000000
0.001800
0.000000
0.000000
0.000000
0.000000
0.000000
0.000000
0.000000
0.000000
0.000000
0.000000
0.000000
0.001392
0.000000
0.000000
0.000000
0.000000
0.000000
0.000000
0.000000
0.001496
0.000000
0.000000
0.002557
0.000000
0.000000
0.000000
0.000000
0.000000
0.000000
0.000000
0.002101
0.000000
0.001969
0.000000
0.000000
0.000000
0.000000
0.000000
0.000000
0.000000
0.001965
0.000000
0.000000
0.000000
0.002134
0.000000
0.001354
0.000000
0.000000
0.000000
0.000000
0.000000
0.000000
0.000000
0.000000
0.000000
0.000000
0.000000
0.000000
0.000000
0.001423
0.000000
0.000000
0.002621
0.000000
0.000000
0.000000
0.001349
0.002570
0.000000
0.000000
0.000000
0.000000
0.000000
0.000000
0.000000
0.000000
0.000000
0.000000
0.000000
0.000000
0.000000
0.000000
0.000000
0.000000
0.000000
0.000000
0.000000
0.000000
0.000000
0.000000
0.000000
0.000000
0.000000
0.000000
0.000000
0.000000
0.001920
0.000000
0.000000
0.000000
0.000000
0.000000
0.000000
0.000000
0.000000
0.000000
0.000000
0.000000
0.000000
0.002099
0.000000
0.000000
0.000000
0.000000
0.000000
0.000000
0.000000
0.000000
0.000000
0.000000
0.001841
0.000000
0.001619
0.000000
0.000000
0.000000
0.000000
0.001589
0.001325
0.000000
0.000000
0.002011
0.000000
0.001508
0.000000
0.000000
0.000000
0.000000
0.000000
0.000000
0.000000
0.000000
0.000000
0.003031
0.000000
0.000000
0.000000
0.002596
0.000000
0.000000
0.000000
0.000000
0.000000
0.000000
0.000000
0.000000
0.000000
0.000000
0.000000
0.000000
0.000000
0.000000
0.000000
0.001664
0.000000
0.000000
0.000000
0.000000
0.000000
0.000000
0.000000
0.000000
0.000000
0.000000
0.000000
0.000000
0.000000
0.000000
0.000000
0.000000
0.000000
0.000000
0.000000
0.000000
0.000000
0.000000
0.000000
0.000000
0.000000
0.000000
0.000000
0.000000
0.000000
0.002682
0.000000
0.000000
0.000000
0.001504
0.000000
0.000000
0.000000
0.000000
0.000000
0.000000
0.000000
0.000000
0.000000
0.000000
0.000000
0.000000
0.000000
0.000000
0.000000
0.000000
0.000000
0.000000
0.000000
0.000000
0.000000
0.000000
0.000000
0.000000
0.000000
0.000000
0.000000
0.000000
0.000000
0.000000
0.000000
0.000000
0.000000
0.001362
0.000000
0.000000
0.001364
0.000000
0.000000
0.000000
0.000000
0.000000
0.000000
0.000000
0.000000
0.000000
0.000000
0.000000
0.000000
0.000000
0.000000
0.000000
0.000000
0.001550
0.000000
0.000000
0.000000
0.000000
0.000000
0.003078
0.000000
0.000000
0.000000
0.000000
0.000000
0.000000
0.000000
0.000000
0.000000
0.000000
0.000000
0.000000
0.000000
0.000000
0.000000
0.001558
0.000000
0.000000
0.000000
0.000000
0.000000
0.000000
0.000000
0.000000
0.000000
0.000000
0.000000
0.000000
0.000000
0.000000
0.000000
0.000000
0.000000
0.000000
0.000000
0.000000
0.000000
0.000000
0.001742
0.001509
0.000000
0.000000
0.001489
0.000000
0.002997
0.000000
0.000000
0.000000
0.000000
0.000000
0.000000
0.000000
0.000000
0.000000
0.000000
0.000000
0.000000
0.002238
0.000000
0.000000
0.000000
0.000000
0.001919
0.000000
0.000000
0.000000
0.000000
0.000000
0.000000
0.001448
0.001658
0.000000
0.000000
0.000000
0.000000
0.000000
0.000000
0.000000
0.000000
0.000000
0.000000
0.000000
0.000000
0.000000
0.002655
0.000000
0.000000
0.000000
0.002265
0.000000
0.000000
0.000000
0.000000
0.001404
0.000000
0.000000
0.000000
0.000000
0.000000
0.000000
0.001379
0.000000
0.000000
0.000000
0.000000
0.000000
0.000000
0.000000
0.000000
0.000000
0.000000
0.000000
0.000000
0.000000
0.000000
0.000000
0.000000
0.000000
0.000000
0.000000
0.000000
0.000000
0.000000
0.000000
0.000000
0.000000
0.001670
0.000000
0.000000
0.000000
0.000000
0.000000
0.000000
0.000000
0.001711
0.000000
0.000000
0.000000
0.000000
0.000000
0.000000
0.000000
0.000000
0.000000
0.001976
0.000000
0.000000
0.000000
0.000000
0.000000
0.000000
0.000000
0.000000
0.000000
0.001800
0.000000
0.000000
0.000000
0.002306
0.000000
0.000000
0.000000
0.000000
0.000000
0.000000
0.000000
0.000000
0.000000
0.000000
0.000000
0.000000
0.000000
0.000000
0.000000
0.000000
0.000000
0.000000
0.000000
0.000000
0.000000
0.001865
0.000000
0.000000
0.000000
0.000000
0.000000
0.000000
0.001576
0.000000
0.000000
0.000000
0.000000
0.000000
0.000000
0.000000
0.000000
0.000000
0.000000
0.000000
0.000000
0.001539
0.000000
0.000000
0.000000
0.000000
0.000000
0.000000
0.001367
0.000000
0.000000
0.000000
0.000000
0.000000
0.000000
0.000000
0.001767
0.000000
0.000000
0.000000
0.000000
0.000000
0.000000
0.000000
0.000000
0.000000
0.000000
0.000000
0.000000
0.000000
0.000000
0.001621
0.000000
0.002784
0.000000
0.000000
0.002352
0.000000
0.000000
0.000000
0.000000
0.003549
0.000000
0.000000
0.001329
0.001427
0.000000
0.000000
0.000000
0.000000
0.000000
0.000000
0.000000
0.000000
0.000000
0.000000
0.000000
0.001513
0.000000
0.001466
0.001991
0.000000
0.000000
0.000000
0.001443
0.000000
0.000000
0.000000
0.000000
0.000000
0.001724
0.000000
0.000000
0.000000
0.000000
0.000000
0.002343
0.000000
0.000000
0.000000
0.000000
0.000000
0.000000
0.001873
0.000000
0.000000
0.000000
0.000000
0.000000
0.000000
0.000000
0.000000
0.000000
0.001750
0.000000
0.000000
0.000000
0.000000
0.000000
0.000000
0.000000
0.000000
0.000000
0.000000
0.000000
0.000000
0.000000
0.000000
0.000000
0.000000
0.001708
0.000000
0.000000
0.000000
0.000000
0.000000
0.000000
0.000000
0.001550
0.000000
0.000000
0.000000
0.000000
0.000000
0.000000
0.000000
0.000000
0.001758
0.000000
0.000000
0.000000
0.000000
0.000000
0.000000
0.001779
0.000000
0.000000
0.002415
0.000000
0.000000
0.000000
0.000000
0.002306
0.000000
0.000000
0.000000
0.000000
0.000000
0.000000
0.000000
0.000000
0.000000
0.000000
0.000000
0.000000
0.000000
0.000000
0.000000
0.000000
0.000000
0.000000
0.000000
0.002301
0.000000
0.000000
0.001528
0.000000
0.000000
0.000000
0.000000
0.000000
0.000000
0.000000
0.000000
0.000000
0.000000
0.000000
0.001422
0.000000
0.000000
0.000000
0.000000
0.002524
0.000000
0.000000
0.000000
0.001928
0.000000
0.000000
0.000000
0.000000
0.000000
0.002106
0.000000
0.000000
0.000000
0.000000
0.001768
0.000000
0.000000
0.000000
0.000000
0.000000
0.000000
0.000000
0.000000
0.000000
0.000000
0.000000
0.000000
0.002107
0.001927
0.000000
0.003004
0.002313
0.001488
0.000000
0.000000
0.002166
0.000000
0.000000
0.000000
0.000000
0.000000
0.000000
0.000000
0.000000
0.000000
0.000000
0.000000
0.000000
0.000000
0.001967
0.000000
0.000000
0.001911
0.000000
0.000000
0.000000
0.000000
0.000000
0.000000
0.000000
0.001485
0.000000
0.000000
0.000000
0.000000
0.000000
0.000000
0.000000
0.000000
0.000000
0.000000
0.000000
0.000000
0.000000
0.000000
0.002363
0.000000
0.000000
0.000000
0.000000
0.000000
0.000000
0.000000
0.000000
0.000000
0.000000
0.001688
0.000000
0.000000
0.000000
0.000000
0.000000
0.000000
0.000000
0.000000
0.000000
0.000000
0.000000
0.000000
0.002078
0.000000
0.000000
0.000000
0.000000
0.000000
0.000000
0.000000
0.000000
0.000000
0.000000
0.001995
0.000000
0.000000
0.000000
0.000000
0.000000
0.000000
0.000000
0.000000
0.000000
0.000000
0.000000
0.000000
0.000000
0.000000
0.001402
0.000000
0.000000
0.000000
0.000000
0.000000
0.000000
0.000000
0.000000
0.000000
0.000000
0.000000
0.000000
0.000000
0.001770
0.000000
0.000000
0.000000
0.000000
0.000000
0.000000
0.000000
0.001446
0.000000
0.001401
0.000000
0.000000
0.000000
0.000000
0.000000
0.000000
0.002375
0.000000
0.000000
0.000000
0.000000
0.000000
0.000000
0.000000
0.000000
0.001927
0.000000
0.000000
0.002013
0.000000
0.001639
0.000000
0.000000
0.000000
0.000000
0.000000
0.001977
0.000000
0.000000
0.000000
0.000000
0.000000
0.000000
0.000000
0.000000
0.000000
0.000000
0.000000
0.000000
0.000000
0.000000
0.000000
0.000000
0.000000
0.000000
0.000000
0.000000
0.000000
0.001502
0.000000
0.000000
0.000000
0.000000
0.000000
0.000000
0.000000
0.000000
0.000000
0.000000
0.000000
0.000000
0.000000
0.000000
0.000000
0.000000
0.000000
0.000000
0.000000
0.000000
0.000000
0.000000
0.000000
0.002034
0.002107
0.001323
0.000000
0.000000
0.000000
0.000000
0.000000
0.000000
0.000000
0.001470
0.000000
0.000000
0.000000
0.000000
0.001535
0.000000
0.000000
0.001522
0.000000
0.000000
0.000000
0.000000
0.000000
0.000000
0.000000
0.000000
0.000000
0.000000
0.002674
0.000000
0.000000
0.000000
0.000000
0.000000
0.000000
0.000000
0.000000
0.000000
0.000000
0.000000
0.000000
0.000000
0.000000
0.000000
0.000000
0.000000
0.000000
0.000000
0.000000
0.000000
0.000000
0.000000
0.001814
0.002169
0.000000
0.001718
0.000000
0.002342
0.000000
0.000000
0.000000
0.000000
0.000000
0.000000
0.000000
0.000000
0.000000
0.001866
0.000000
0.002254
0.000000
0.000000
