0.000000
0.000000
0.000000
0.001370
0.000000
0.000000
0.000000
0.000000
0.000000
0.000000
0.000000
0.000000
0.000000
0.000000
0.000000
0.000000
0.001529
0.000000
0.000000
0.000000
0.000000
0.008894
0.000000
0.000000
0.000000
0.000000
0.000000
0.000000
0.000000
0.000000
0.003407
0.001394
0.000000
0.005261
0.000000
0.000000
0.000000
0.002791
0.000000
0.000000
0.000000
0.000000
0.000000
0.000000
0.000000
0.000000
0.002935
0.000000
0.000000
0.000000
0.000000
0.000000
0.000000
0.000000
0.000000
0.000000
0.000000
0.000000
0.001602
0.000000
0.000000
0.000000
0.000000
0.000000
0.000000
0.000000
0.000000
0.000000
0.001698
0.000000
0.000000
0.000000
0.002105
0.001819
0.002471
0.000000
0.000000
0.000000
0.002063
0.001472
0.000000
0.000000
0.000000
0.000000
0.002792
0.000000
0.000000
0.000000
0.000000
0.000000
0.000000
0.000000
0.001455
0.000000
0.001692
0.000000
0.000000
0.000000
0.002219
0.000000
0.001969
0.000000
0.000000
0.002406
0.001428
0.000000
0.000000
0.000000
0.001374
0.000000
0.000000
0.000000
0.000000
0.002082
0.000000
0.002606
0.000000
0.000000
0.002256
0.000000
0.000000
0.000000
0.000000
0.000000
0.000000
0.000000
0.000000
0.002245
0.000000
0.000000
0.000000
0.001422
0.000000
0.000000
0.000000
0.000000
0.000000
0.000000
0.000000
0.000000
0.000000
0.000000
0.001517
0.000000
0.000000
0.000000
0.000000
0.000000
0.000000
0.000000
0.000000
0.001382
0.000000
0.000000
0.000000
0.000000
0.000000
0.000000
0.000000
0.000000
0.000000
0.001883
0.002979
0.000000
0.000000
0.000000
0.000000
0.000000
0.000000
0.000000
0.000000
0.001697
0.000000
0.000000
0.000000
0.000000
0.000000
0.000000
0.000000
0.000000
0.000000
0.000000
0.000000
0.002057
0.000000
0.000000
0.001423
0.001677
0.000000
0.000000
0.000000
0.002373
0.000000
0.000000
0.001577
0.000000
0.000000
0.003095
0.000000
0.001474
0.000000
0.000000
0.001504
0.000000
0.000000
0.000000
0.000000
0.000000
0.000000
0.000000
0.000000
0.000000
0.000000
0.000000
0.000000
0.000000
0.000000
0.000000
0.000000
0.000000
0.000000
0.000000
0.000000
0.000000
0.000000
0.000000
0.002592
0.000000
0.000000
0.000000
0.000000
0.000000
0.001904
0.001436
0.000000
0.000000
0.000000
0.000000
0.000000
0.000000
0.000000
0.000000
0.000000
0.000000
0.000000
0.000000
0.000000
0.000000
0.000000
0.000000
0.000000
0.000000
0.000000
0.000000
0.001528
0.000000
0.000000
0.000000
0.000000
0.000000
0.000000
0.000000
0.000000
0.000000
0.001544
0.000000
0.000000
0.000000
0.000000
0.000000
0.000000
0.000000
0.000000
0.001554
0.000000
0.000000
0.002158
0.000000
0.000000
0.000000
0.000000
0.000000
0.000000
0.000000
0.000000
0.000000
0.000000
0.000000
0.000000
0.000000
0.000000
0.000000
0.000000
0.000000
0.000000
0.000000
0.000000
0.000000
0.000000
0.000000
0.000000
0.000000
0.000000
0.000000
0.000000
0.000000
0.000000
0.000000
0.000000
0.000000
0.000000
0.000000
0.000000
0.000000
0.000000
0.000000
0.000000
0.000000
0.000000
0.001731
0.000000
0.000000
0.000000
0.001411
0.000000
0.000000
0.000000
0.002489
0.000000
0.000000
0.000000
0.000000
0.000000
0.000000
0.000000
0.000000
0.001706
0.000000
0.000000
0.000000
0.000000
0.000000
0.000000
0.000000
0.000000
0.000000
0.000000
0.000000
0.000000
0.000000
0.001767
0.000000
0.001555
0.000000
0.000000
0.000000
0.002165
0.000000
0.001928
0.000000
0.000000
0.000000
0.000000
0.000000
0.000000
0.000000
0.000000
0.000000
0.000000
0.000000
0.000000
0.000000
0.000000
0.000000
0.001397
0.000000
0.000000
0.000000
0.000000
0.000000
0.000000
0.000000
0.000000
0.000000
0.000000
0.000000
0.000000
0.000000
0.000000
0.000000
0.000000
0.001400
0.000000
0.000000
0.000000
0.000000
0.001817
0.000000
0.000000
0.000000
0.001474
0.000000
0.000000
0.001568
0.001669
0.000000
0.000000
0.000000
0.000000
0.000000
0.000000
0.000000
0.000000
0.000000
0.000000
0.000000
0.000000
0.000000
0.000000
0.000000
0.000000
0.000000
0.000000
0.000000
0.000000
0.000000
0.000000
0.000000
0.000000
0.000000
0.000000
0.000000
0.000000
0.000000
0.000000
0.000000
0.000000
0.001814
0.000000
0.000000
0.000000
0.000000
0.000000
0.000000
0.000000
0.000000
0.000000
0.000000
0.000000
0.000000
0.000000
0.000000
0.000000
0.000000
0.000000
0.001840
0.000000
0.000000
0.000000
0.000000
0.000000
0.000000
0.001891
0.000000
0.000000
0.002027
0.000000
0.000000
0.000000
0.000000
0.003737
0.000000
0.000000
0.000000
0.001664
0.000000
0.000000
0.000000
0.001581
0.000000
0.000000
0.000000
0.000000
0.003207
0.000000
0.000000
0.000000
0.000000
0.000000
0.000000
0.000000
0.000000
0.000000
0.000000
0.000000
0.000000
0.000000
0.000000
0.000000
0.000000
0.000000
0.000000
0.000000
0.000000
0.000000
0.000000
0.000000
0.001540
0.000000
0.000000
0.000000
0.000000
0.000000
0.000000
0.000000
0.000000
0.000000
0.000000
0.000000
0.000000
0.000000
0.002094
0.000000
0.000000
0.000000
0.000000
0.000000
0.000000
0.000000
0.000000
0.000000
0.000000
0.000000
0.000000
0.000000
0.000000
0.000000
0.000000
0.000000
0.000000
0.002025
0.000000
0.000000
0.000000
0.000000
0.000000
0.000000
0.000000
0.000000
0.000000
0.000000
0.000000
0.001965
0.001895
0.000000
0.000000
0.000000
0.000000
0.000000
0.000000
0.000000
0.000000
0.000000
0.000000
0.000000
0.000000
0.000000
0.000000
0.000000
0.000000
0.000000
0.000000
0.000000
0.000000
0.000000
0.000000
0.000000
0.002613
0.002445
0.000000
0.000000
0.000000
0.000000
0.001482
0.000000
0.000000
0.000000
0.000000
0.000000
0.000000
0.000000
0.000000
0.000000
0.000000
0.000000
0.000000
0.002694
0.002832
0.000000
0.000000
0.000000
0.000000
0.000000
0.000000
0.002125
0.000000
0.000000
0.000000
0.000000
0.000000
0.000000
0.000000
0.000000
0.000000
0.000000
0.000000
0.001628
0.000000
0.000000
0.000000
0.000000
0.000000
0.000000
0.000000
0.000000
0.000000
0.000000
0.000000
0.000000
0.000000
0.000000
0.000000
0.000000
0.000000
0.000000
0.000000
0.000000
0.000000
0.000000
0.002990
0.000000
0.000000
0.002598
0.000000
0.000000
0.000000
0.000000
0.000000
0.000000
0.000000
0.000000
0.000000
0.000000
0.000000
0.000000
0.000000
0.000000
0.000000
0.000000
0.000000
0.000000
0.000000
0.000000
0.000000
0.000000
0.000000
0.000000
0.000000
0.000000
0.000000
0.001817
0.000000
0.000000
0.000000
0.000000
0.000000
0.000000
0.001705
0.002763
0.000000
0.000000
0.000000
0.000000
0.000000
0.000000
0.000000
0.000000
0.000000
0.000000
0.000000
0.000000
0.002219
0.000000
0.000000
0.000000
0.000000
0.000000
0.000000
0.000000
0.000000
0.000000
0.001392
0.000000
0.000000
0.000000
0.000000
0.000000
0.000000
0.000000
0.000000
0.000000
0.002100
0.000000
0.000000
0.000000
0.000000
0.000000
0.000000
0.000000
0.001838
0.000000
0.000000
0.000000
0.000000
0.000000
0.000000
0.002045
0.000000
0.001725
0.001634
0.000000
0.000000
0.001409
0.000000
0.000000
0.000000
0.000000
0.000000
0.000000
0.000000
0.000000
0.000000
0.000000
0.000000
0.000000
0.000000
0.000000
0.000000
0.000000
0.000000
0.000000
0.000000
0.001668
0.001529
0.000000
0.000000
0.000000
0.001784
0.000000
0.000000
0.000000
0.000000
0.000000
0.000000
0.000000
0.000000
0.000000
0.000000
0.000000
0.000000
0.000000
0.002330
0.000000
0.001800
0.000000
0.000000
0.001529
0.000000
0.000000
0.000000
0.000000
0.000000
0.000000
0.002278
0.000000
0.001958
0.000000
0.000000
0.002431
0.000000
0.000000
0.000000
0.000000
0.000000
0.000000
0.000000
0.000000
0.000000
0.000000
0.000000
0.000000
0.001443
0.000000
0.000000
0.000000
0.000000
0.000000
0.000000
0.001884
0.000000
0.000000
0.000000
0.001969
0.000000
0.000000
0.000000
0.000000
0.000000
0.000000
0.000000
0.000000
0.000000
0.001927
0.000000
0.000000
0.000000
0.000000
0.000000
0.000000
0.001567
0.000000
0.001551
0.000000
0.000000
0.000000
0.003008
0.001850
0.000000
0.000000
0.000000
0.000000
0.000000
0.000000
0.000000
0.000000
0.000000
0.000000
0.000000
0.000000
0.000000
0.001490
0.002208
0.000000
0.000000
0.000000
0.000000
0.000000
0.000000
0.000000
0.000000
0.000000
0.000000
0.000000
0.000000
0.000000
0.000000
0.000000
0.000000
0.000000
0.001917
0.000000
0.000000
0.000000
0.000000
0.000000
0.000000
0.000000
0.000000
0.000000
0.000000
0.000000
0.000000
0.000000
0.000000
0.000000
0.000000
0.000000
0.000000
0.000000
0.001600
0.000000
0.000000
0.002860
0.000000
0.000000
0.000000
0.000000
0.002112
0.000000
0.000000
0.000000
0.001784
0.000000
0.000000
0.000000
0.000000
0.000000
0.000000
0.000000
0.002353
0.000000
0.000000
0.000000
0.000000
0.000000
0.000000
0.000000
0.000000
0.000000
0.000000
0.001743
0.000000
0.000000
0.000000
0.000000
0.000000
0.000000
0.000000
0.000000
0.000000
0.000000
0.000000
0.000000
0.000000
0.000000
0.001805
0.000000
0.000000
0.000000
0.000000
0.000000
0.000000
0.000000
0.000000
0.000000
0.000000
0.002235
0.000000
0.000000
0.000000
0.000000
0.000000
0.000000
0.000000
0.000000
0.007725
0.000000
0.000000
0.002490
0.000000
0.000000
0.000000
0.000000
0.003312
0.001688
0.000000
0.000000
0.000000
0.000000
0.000000
0.000000
0.000000
0.000000
0.000000
0.005620
0.000000
0.000000
0.000000
0.003045
0.000000
0.000000
0.000000
0.000000
0.000000
0.000000
0.000000
0.001652
0.000000
0.000000
0.000000
0.000000
0.000000
0.000000
0.061345
0.000000
0.000000
0.000000
0.000000
0.000000
0.000000
0.000000
0.000000
0.000000
0.000000
0.001420
0.000000
0.000000
0.000000
0.000000
0.000000
0.000000
0.000000
0.000000
0.000000
0.000000
0.000000
0.000000
0.000000
0.000000
0.000000
0.000000
0.000000
0.000000
0.000000
0.000000
0.000000
0.000000
0.002331
0.000000
0.000000
0.000000
0.000000
0.002293
0.000000
0.000000
0.000000
0.000000
0.000000
0.000000
0.000000
0.000000
0.000000
0.000000
0.000000
0.000000
0.000000
0.000000
0.000000
0.000000
0.000000
0.000000
0.000000
0.001519
0.000000
0.000000
0.000000
0.000000
0.001970
0.000000
0.000000
0.000000
0.000000
0.001973
0.000000
0.000000
0.000000
0.000000
0.001373
0.001939
0.000000
0.000000
0.000000
0.001971
0.000000
0.000000
0.000000
0.000000
0.000000
0.002715
0.000000
0.000000
0.000000
0.000000
0.000000
0.000000
0.000000
0.000000
0.000000
0.000000
0.000000
0.000000
0.000000
0.000000
0.000000
0.000000
0.000000
0.000000
0.000000
0.000000
0.001460
0.000000
0.000000
0.000000
0.000000
0.000000
0.000000
0.000000
0.000000
0.000000
0.000000
0.000000
0.000000
0.000000
0.000000
0.000000
0.000000
0.000000
0.000000
0.000000
0.000000
0.000000
0.000000
0.000000
0.000000
0.000000
0.000000
0.000000
0.000000
0.000000
0.000000
0.000000
0.000000
0.000000
0.000000
0.000000
0.000000
0.000000
0.000000
0.000000
0.000000
0.000000
0.000000
0.000000
0.000000
0.004028
0.000000
0.003155
0.000000
0.000000
0.000000
0.000000
0.000000
0.000000
0.000000
0.002271
0.000000
0.000000
0.000000
0.000000
0.000000
0.000000
0.000000
0.000000
0.000000
0.000000
0.000000
0.000000
0.000000
0.001622
0.000000
0.002000
0.000000
0.000000
0.000000
0.000000
0.000000
0.001539
0.000000
0.000000
0.000000
0.000000
0.000000
0.000000
0.000000
0.001907
0.000000
0.000000
0.000000
0.001737
0.000000
0.000000
0.000000
0.000000
0.001712
0.000000
0.000000
0.000000
0.000000
0.000000
0.000000
0.000000
0.002985
0.000000
0.002218
0.000000
0.000000
0.000000
0.000000
0.000000
0.003436
0.000000
0.000000
0.000000
0.000000
0.000000
0.000000
0.000000
0.000000
0.000000
0.000000
0.000000
0.000000
0.000000
0.000000
0.000000
0.000000
0.000000
0.000000
0.000000
0.000000
0.000000
0.000000
0.000000
0.002925
0.000000
0.000000
0.000000
0.001955
0.000000
0.002833
0.000000
0.000000
0.000000
0.000000
0.000000
0.000000
0.001902
0.000000
0.000000
0.000000
0.000000
0.000000
0.001836
0.000000
0.000000
0.000000
0.000000
0.000000
0.000000
0.000000
0.001505
0.000000
0.000000
0.000000
0.002587
0.001924
0.000000
0.000000
0.001401
0.000000
0.000000
0.000000
0.001381
0.000000
0.000000
0.000000
0.000000
0.000000
0.000000
0.000000
0.000000
0.000000
0.000000
0.001703
0.000000
0.000000
0.000000
0.000000
0.000000
0.001358
0.000000
0.000000
0.000000
0.000000
0.000000
0.000000
0.000000
0.000000
0.000000
0.000000
0.000000
0.000000
0.000000
0.000000
0.000000
0.000000
0.000000
0.002148
0.002175
0.001609
0.000000
0.000000
0.000000
0.000000
0.000000
0.000000
0.000000
0.000000
0.000000
0.001394
0.000000
0.001396
0.000000
0.000000
0.001846
0.000000
0.000000
0.000000
0.000000
0.000000
0.000000
0.000000
0.000000
0.000000
0.000000
0.003700
0.000000
0.000000
0.000000
0.000000
0.000000
0.000000
0.000000
0.000000
0.000000
0.000000
0.000000
0.000000
0.000000
0.000000
0.000000
0.000000
0.000000
0.000000
0.000000
0.000000
0.002716
0.000000
0.000000
0.001642
0.000000
0.000000
0.002264
0.000000
0.000000
0.000000
0.001587
0.000000
0.000000
0.000000
0.001399
0.000000
0.000000
0.001736
0.000000
0.000000
0.000000
0.000000
0.000000
0.000000
0.000000
0.000000
0.000000
0.000000
0.000000
0.000000
0.000000
0.000000
0.001376
0.000000
0.000000
0.000000
0.000000
0.000000
0.000000
0.000000
0.000000
0.000000
0.000000
0.001592
0.000000
0.000000
0.001830
0.000000
0.000000
0.000000
0.000000
0.000000
0.001379
0.000000
0.000000
0.000000
0.000000
0.000000
0.000000
0.000000
0.000000
0.000000
0.000000
0.000000
0.000000
0.001517
0.000000
0.000000
0.000000
0.000000
0.000000
0.000000
0.000000
0.000000
0.000000
0.000000
0.000000
0.000000
0.000000
0.000000
0.000000
0.000000
0.000000
0.000000
0.000000
0.000000
0.000000
0.000000
0.000000
0.000000
0.000000
0.000000
0.000000
0.000000
0.000000
0.000000
0.000000
0.000000
0.000000
0.000000
0.000000
0.000000
0.000000
0.000000
0.000000
0.000000
0.000000
0.000000
0.002171
0.000000
0.001766
0.000000
0.000000
0.000000
0.000000
0.000000
0.000000
0.002128
0.000000
0.000000
0.000000
0.000000
0.000000
0.000000
0.000000
0.000000
0.000000
0.000000
0.000000
0.000000
0.000000
0.000000
0.001723
0.000000
0.000000
0.000000
0.000000
0.002452
0.000000
0.000000
0.001451
0.000000
0.000000
0.000000
0.000000
0.000000
0.000000
0.000000
0.000000
0.000000
0.000000
0.000000
0.000000
0.000000
0.000000
0.000000
0.000000
0.000000
0.002259
0.000000
0.000000
0.000000
0.000000
0.000000
0.000000
0.000000
0.000000
0.000000
0.000000
0.000000
0.000000
0.000000
0.000000
0.002012
0.000000
0.000000
0.000000
0.000000
0.000000
0.000000
0.000000
0.000000
0.000000
0.000000
0.000000
0.000000
0.000000
0.000000
0.000000
0.000000
0.000000
0.000000
0.000000
0.000000
0.000000
0.000000
0.000000
0.000000
0.000000
0.000000
0.000000
0.002674
0.000000
0.001387
0.000000
0.000000
0.000000
0.002984
0.001443
0.000000
0.002123
0.000000
0.000000
0.000000
0.002479
0.000000
0.000000
0.000000
0.000000
0.000000
0.000000
0.000000
0.000000
0.000000
0.000000
0.000000
0.000000
0.000000
0.000000
0.000000
0.000000
0.000000
0.001828
0.000000
0.000000
0.000000
0.000000
0.000000
0.000000
0.000000
0.000000
0.000000
0.000000
0.000000
0.000000
0.000000
0.000000
0.000000
0.000000
0.000000
0.002778
0.000000
0.000000
0.000000
0.000000
0.000000
0.001605
0.000000
0.000000
0.000000
0.000000
0.000000
0.000000
0.000000
0.000000
0.000000
0.000000
0.000000
0.000000
0.000000
0.000000
0.000000
0.000000
0.000000
0.000000
0.000000
0.000000
0.000000
0.000000
0.000000
0.000000
0.000000
0.000000
0.000000
0.000000
0.000000
0.000000
0.000000
0.000000
0.001710
0.000000
0.000000
0.000000
0.000000
0.001358
0.000000
0.000000
0.000000
0.001692
0.000000
0.000000
0.000000
0.000000
0.001675
0.003046
0.000000
0.000000
0.000000
0.000000
0.000000
0.000000
0.000000
0.000000
0.000000
0.002323
0.001798
0.000000
0.000000
0.002527
0.000000
0.001523
0.000000
0.000000
0.000000
0.000000
0.000000
0.000000
0.000000
0.000000
0.000000
0.000000
0.000000
0.000000
0.000000
0.000000
0.000000
0.000000
0.000000
0.000000
0.000000
0.000000
0.000000
0.000000
0.002455
0.000000
0.000000
0.000000
0.000000
0.000000
0.000000
0.000000
0.000000
0.000000
0.000000
0.002102
0.000000
0.000000
0.000000
0.000000
0.000000
0.000000
0.000000
0.000000
0.000000
0.000000
0.000000
0.000000
0.000000
0.000000
0.000000
0.000000
0.000000
0.000000
0.000000
0.000000
0.000000
0.000000
0.000000
0.000000
0.000000
0.000000
0.003118
0.000000
0.000000
0.000000
0.000000
0.000000
0.000000
0.000000
0.000000
0.000000
0.000000
0.000000
0.000000
0.000000
0.000000
0.000000
0.000000
0.000000
0.000000
0.000000
0.000000
0.000000
0.000000
0.000000
0.002471
0.000000
0.000000
0.000000
0.000000
0.000000
0.000000
0.000000
0.000000
0.000000
0.000000
0.002076
0.000000
0.000000
0.000000
0.000000
0.000000
0.000000
0.000000
0.000000
0.000000
0.000000
0.002012
0.000000
0.000000
0.000000
0.000000
0.000000
0.000000
0.001480
0.000000
0.000000
0.000000
0.001700
0.000000
0.000000
0.000000
0.000000
0.000000
0.000000
0.000000
0.000000
0.001661
0.000000
0.000000
0.001385
0.001875
0.000000
0.002197
0.000000
0.000000
0.001516
0.000000
0.000000
0.000000
0.001549
0.000000
0.000000
0.000000
0.000000
0.000000
0.000000
0.000000
0.000000
0.000000
0.000000
0.000000
0.000000
0.000000
0.000000
0.000000
0.000000
0.000000
0.000000
0.000000
0.000000
0.000000
0.000000
0.000000
0.000000
0.000000
0.000000
0.000000
0.000000
0.000000
0.001555
0.001554
0.000000
0.000000
0.003268
0.000000
0.000000
0.000000
0.000000
0.000000
0.001956
0.000000
0.000000
0.000000
0.000000
0.000000
0.000000
0.000000
0.000000
0.000000
0.000000
0.000000
0.000000
0.000000
0.000000
0.000000
0.000000
0.000000
0.000000
0.001389
0.000000
0.001693
0.000000
0.000000
0.000000
0.000000
0.000000
0.000000
0.001449
0.000000
0.000000
0.002172
0.000000
0.000000
0.000000
0.000000
0.000000
0.000000
0.001730
0.000000
0.000000
0.000000
0.000000
0.000000
0.001433
0.000000
0.000000
0.000000
0.000000
0.000000
0.000000
0.000000
0.000000
0.001371
0.000000
0.000000
0.000000
0.000000
0.004155
0.000000
0.000000
0.000000
0.000000
0.000000
0.000000
0.000000
0.000000
0.000000
0.000000
0.000000
0.000000
0.000000
0.000000
0.000000
0.000000
0.000000
0.000000
0.000000
0.000000
0.000000
0.000000
0.001633
0.000000
0.000000
0.000000
0.000000
0.000000
0.000000
0.000000
0.000000
0.000000
0.000000
0.000000
0.000000
0.000000
0.000000
0.000000
0.000000
0.000000
0.000000
0.000000
0.000000
0.000000
0.000000
0.000000
0.000000
0.000000
0.000000
0.000000
0.001834
0.000000
0.000000
0.000000
0.000000
0.000000
0.000000
0.000000
0.000000
0.001800
0.000000
0.001520
0.000000
0.000000
0.000000
0.000000
0.000000
0.000000
0.000000
0.000000
0.000000
0.000000
0.000000
0.000000
0.000000
0.000000
0.000000
0.001652
0.000000
0.000000
0.000000
0.000000
0.000000
0.001411
0.000000
0.000000
0.000000
0.000000
0.000000
0.000000
0.001365
0.000000
0.000000
0.000000
0.000000
0.000000
0.000000
0.000000
0.000000
0.000000
0.000000
0.000000
0.000000
0.000000
0.001995
0.000000
0.000000
0.000000
0.000000
0.000000
0.000000
0.000000
0.001886
0.000000
0.000000
0.002771
0.000000
0.000000
0.002672
0.000000
0.002340
0.000000
0.000000
0.001745
0.000000
0.000000
0.000000
0.000000
0.000000
0.000000
0.000000
0.000000
0.000000
0.000000
0.000000
0.000000
0.000000
0.000000
0.000000
0.000000
0.002191
0.000000
0.002296
0.000000
0.000000
0.000000
0.000000
0.000000
0.002410
0.000000
0.000000
0.000000
0.000000
0.001736
0.000000
0.000000
0.000000
0.000000
0.000000
0.000000
0.000000
0.000000
0.000000
0.000000
0.000000
0.000000
0.000000
0.000000
0.000000
0.000000
0.000000
0.000000
0.000000
0.000000
0.000000
0.000000
0.000000
0.001586
0.000000
0.000000
0.000000
0.001407
0.000000
0.000000
0.000000
0.000000
0.000000
0.000000
0.000000
0.000000
0.001578
0.000000
0.000000
0.000000
0.000000
0.001367
0.000000
0.002180
0.000000
0.000000
0.001742
0.002262
0.000000
0.000000
0.000000
0.000000
0.000000
0.000000
0.000000
0.001606
0.000000
0.000000
0.000000
0.000000
0.000000
0.000000
0.000000
0.000000
0.000000
0.000000
0.000000
0.000000
0.000000
0.000000
0.000000
0.000000
0.000000
0.000000
0.000000
0.000000
0.000000
0.000000
0.000000
0.000000
0.000000
0.000000
0.001598
0.000000
0.000000
0.000000
0.000000
0.000000
0.000000
0.000000
0.002332
0.001843
0.000000
0.000000
0.000000
0.000000
0.000000
0.000000
0.000000
0.000000
0.000000
0.001417
0.000000
0.000000
0.000000
0.000000
0.000000
0.000000
0.000000
0.000000
0.000000
0.001813
0.000000
0.000000
0.000000
0.000000
0.000000
0.000000
0.000000
0.000000
0.000000
0.000000
0.000000
0.000000
0.000000
0.000000
0.000000
0.001913
0.000000
0.000000
0.000000
0.000000
0.000000
0.000000
0.000000
0.000000
0.000000
0.000000
0.000000
0.000000
0.000000
0.000000
0.000000
0.000000
0.002681
0.000000
0.001925
0.000000
0.000000
0.000000
0.000000
0.000000
0.000000
0.000000
0.000000
0.000000
0.000000
0.001378
0.000000
0.000000
0.000000
0.000000
0.000000
0.000000
0.000000
0.000000
0.000000
0.000000
0.000000
0.000000
0.000000
0.000000
0.000000
0.000000
0.000000
0.000000
0.000000
0.001786
0.000000
0.000000
0.000000
0.000000
0.000000
0.000000
0.000000
0.000000
0.000000
0.000000
0.000000
0.001880
0.000000
0.000000
0.000000
0.000000
0.000000
0.000000
0.000000
0.000000
0.000000
0.000000
0.000000
0.000000
0.000000
0.000000
0.000000
0.000000
0.000000
0.000000
0.002515
0.000000
0.000000
0.000000
0.000000
0.002146
0.000000
0.000000
0.000000
0.000000
0.000000
0.000000
0.000000
0.001436
0.000000
0.001847
0.001700
0.000000
0.000000
0.000000
0.000000
0.000000
0.000000
0.000000
0.000000
0.000000
0.001779
0.000000
0.000000
0.000000
0.000000
0.000000
0.000000
0.000000
0.000000
0.000000
0.000000
0.000000
0.000000
0.000000
0.000000
0.000000
0.000000
0.000000
0.000000
0.000000
0.000000
0.000000
0.000000
0.000000
0.000000
0.000000
0.000000
0.000000
0.000000
0.000000
0.000000
0.000000
0.000000
0.000000
0.000000
0.000000
0.000000
0.000000
0.000000
0.002038
0.000000
0.000000
0.000000
0.000000
0.000000
0.000000
0.000000
0.000000
0.000000
0.000000
0.000000
0.002511
0.000000
0.000000
0.000000
0.000000
0.000000
0.002391
0.000000
0.000000
0.001880
0.000000
0.000000
0.000000
0.001572
0.000000
0.000000
0.000000
0.000000
0.000000
0.000000
0.000000
0.000000
0.000000
0.000000
0.000000
0.000000
0.000000
0.000000
0.001403
0.000000
0.000000
0.000000
0.000000
0.000000
0.000000
0.000000
0.000000
0.000000
0.000000
0.000000
0.000000
0.000000
0.000000
0.002349
0.000000
0.000000
0.000000
0.001999
0.000000
0.000000
0.000000
0.000000
0.002305
0.000000
0.000000
0.000000
0.000000
0.000000
0.002208
0.000000
0.000000
0.000000
0.000000
0.000000
0.000000
0.000000
0.000000
0.001368
0.000000
0.000000
0.000000
0.000000
0.000000
0.000000
0.000000
0.000000
0.000000
0.000000
0.000000
0.000000
0.000000
0.001454
0.000000
0.000000
0.000000
0.000000
0.000000
0.002654
0.000000
0.000000
0.000000
0.000000
0.000000
0.000000
0.000000
0.000000
0.000000
0.000000
0.000000
0.000000
0.000000
0.000000
0.000000
0.000000
0.000000
0.000000
0.000000
0.000000
0.000000
0.000000
0.000000
0.000000
0.000000
0.000000
0.000000
0.000000
0.001779
0.001768
0.000000
0.000000
0.000000
0.002264
0.000000
0.000000
0.002054
0.000000
0.000000
0.001904
0.002469
0.000000
0.000000
0.000000
0.000000
0.000000
0.000000
0.000000
0.000000
0.000000
0.000000
0.000000
0.000000
0.000000
0.000000
0.001789
0.000000
0.000000
0.000000
0.001930
0.000000
0.000000
0.000000
0.002302
0.000000
0.000000
0.000000
0.000000
0.000000
0.000000
0.000000
0.000000
0.000000
0.000000
0.000000
0.000000
0.002290
0.000000
0.000000
0.000000
0.000000
0.000000
0.000000
0.000000
0.000000
0.000000
0.000000
0.000000
0.000000
0.000000
0.000000
0.000000
0.001515
0.001892
0.000000
0.003137
0.000000
0.000000
0.000000
0.000000
0.000000
0.000000
0.000000
0.000000
0.001952
0.000000
0.000000
0.000000
0.000000
0.000000
0.000000
0.000000
0.000000
0.000000
0.000000
0.000000
0.000000
0.000000
0.000000
0.000000
0.000000
0.000000
0.004332
0.000000
0.000000
0.000000
0.000000
0.000000
0.002138
0.000000
0.000000
0.000000
0.000000
0.000000
0.000000
0.001506
0.000000
0.000000
0.000000
0.000000
0.002249
0.000000
0.000000
0.000000
0.000000
0.000000
0.001424
0.000000
0.000000
0.000000
0.000000
0.000000
0.000000
0.000000
0.000000
0.000000
0.000000
0.000000
0.000000
0.000000
0.000000
0.000000
0.000000
0.000000
0.000000
0.000000
0.000000
0.000000
0.000000
0.000000
0.000000
0.000000
0.000000
0.000000
0.000000
0.000000
0.000000
0.000000
0.000000
0.002314
0.000000
0.000000
0.000000
0.000000
0.000000
0.000000
0.000000
0.001686
0.001979
0.000000
0.001611
0.000000
0.000000
0.000000
0.000000
0.000000
0.001703
0.000000
0.000000
0.000000
0.000000
0.000000
0.000000
0.001358
0.000000
0.000000
0.000000
0.000000
0.000000
0.000000
0.000000
0.000000
0.000000
0.000000
0.000000
0.000000
0.000000
0.000000
0.000000
0.001528
0.000000
0.001477
0.002729
0.000000
0.002083
0.000000
0.000000
0.000000
0.000000
0.000000
0.000000
0.000000
0.000000
0.000000
0.000000
0.000000
0.000000
0.000000
0.000000
0.000000
0.000000
0.000000
0.000000
0.000000
0.000000
0.000000
0.000000
0.002376
0.000000
0.000000
0.000000
0.000000
0.000000
0.000000
0.000000
0.000000
0.000000
0.001573
0.000000
0.000000
0.000000
0.000000
0.000000
0.000000
0.000000
0.001610
0.000000
0.000000
0.000000
0.001908
0.000000
0.000000
0.000000
0.000000
0.000000
0.000000
0.000000
0.000000
0.000000
0.000000
0.000000
0.000000
0.000000
0.000000
0.000000
0.000000
0.000000
0.000000
0.000000
0.000000
0.002002
0.000000
0.000000
0.002050
0.000000
0.000000
0.000000
0.000000
0.000000
0.000000
0.001368
0.000000
0.000000
0.000000
0.000000
0.000000
0.000000
0.000000
0.000000
0.000000
0.000000
0.002117
0.000000
0.000000
0.000000
0.000000
0.001631
0.001390
0.002207
0.000000
0.000000
0.000000
0.000000
0.000000
0.000000
0.000000
0.000000
0.000000
0.000000
0.000000
0.000000
0.000000
0.000000
0.000000
0.000000
0.000000
0.000000
0.001681
0.001804
0.000000
0.000000
0.000000
0.000000
0.000000
0.000000
0.000000
0.000000
0.000000
0.000000
0.000000
0.000000
0.000000
0.000000
0.000000
0.000000
0.000000
0.000000
0.000000
0.000000
0.000000
0.000000
0.000000
0.000000
0.000000
0.000000
0.001458
0.000000
0.000000
0.000000
0.000000
0.000000
0.000000
0.000000
0.000000
0.000000
0.000000
0.000000
0.000000
0.001739
0.000000
0.000000
0.000000
0.000000
0.000000
0.000000
0.000000
0.002081
0.001610
0.000000
0.000000
0.000000
0.000000
0.000000
0.000000
0.000000
0.000000
0.000000
0.000000
0.001946
0.000000
0.000000
0.000000
0.000000
0.000000
0.001716
0.000000
0.000000
0.000000
0.000000
0.000000
0.000000
0.000000
0.000000
0.001987
0.000000
0.001754
0.000000
0.000000
0.000000
0.000000
0.000000
0.000000
0.000000
0.000000
0.000000
0.000000
0.001882
0.001721
0.000000
0.000000
0.001389
0.000000
0.000000
0.000000
0.000000
0.000000
0.000000
0.000000
0.000000
0.000000
0.000000
0.000000
0.000000
0.000000
0.000000
0.000000
0.000000
0.000000
0.000000
0.000000
0.000000
0.000000
0.000000
0.000000
0.000000
0.000000
0.000000
0.000000
0.000000
0.000000
0.001405
0.000000
0.000000
0.001359
0.004147
0.000000
0.001609
0.000000
0.000000
0.000000
0.000000
0.000000
0.000000
0.000000
0.000000
0.000000
0.000000
0.000000
0.000000
0.002862
0.000000
0.000000
0.000000
0.000000
0.000000
0.000000
0.000000
0.000000
0.000000
0.000000
0.000000
0.000000
0.000000
0.000000
0.001496
0.000000
0.000000
0.000000
0.000000
0.000000
0.000000
0.000000
0.000000
0.000000
0.000000
0.000000
0.000000
0.000000
0.002195
0.000000
0.000000
0.000000
0.000000
0.000000
0.000000
0.000000
0.000000
0.001836
0.000000
0.000000
0.000000
0.000000
0.000000
0.000000
0.000000
0.000000
0.000000
0.001370
0.000000
0.001377
0.000000
0.000000
0.000000
0.000000
0.000000
0.000000
0.001637
0.000000
0.000000
0.001715
0.000000
0.000000
0.000000
0.000000
0.000000
0.000000
0.000000
0.001546
0.000000
0.000000
0.001602
0.000000
0.000000
0.001435
0.000000
0.000000
0.000000
0.000000
0.001368
0.000000
0.000000
0.000000
0.000000
0.000000
0.000000
0.000000
0.000000
0.000000
0.000000
0.000000
0.000000
0.000000
0.000000
0.000000
0.000000
0.000000
0.001476
0.000000
0.000000
0.001552
0.000000
0.000000
0.000000
0.000000
0.000000
0.000000
0.000000
0.000000
0.001794
0.000000
0.000000
0.000000
0.000000
0.000000
0.000000
0.002359
0.000000
0.000000
0.000000
0.000000
0.000000
0.000000
0.000000
0.000000
0.000000
0.000000
0.000000
0.002086
0.000000
0.000000
0.000000
0.000000
0.000000
0.000000
0.000000
0.000000
0.000000
0.001539
0.000000
0.002471
0.000000
0.000000
0.000000
0.000000
0.000000
0.000000
0.000000
0.000000
0.000000
0.000000
0.000000
0.000000
0.000000
0.000000
0.000000
0.000000
0.000000
0.000000
0.000000
0.000000
0.000000
0.000000
0.000000
0.000000
0.000000
0.000000
0.000000
0.000000
0.000000
0.000000
0.000000
0.001833
0.001693
0.000000
0.000000
0.002007
0.000000
0.000000
0.000000
0.000000
0.000000
0.000000
0.000000
0.000000
0.000000
0.000000
0.000000
0.000000
0.000000
0.000000
0.000000
0.000000
0.001778
0.000000
0.000000
0.000000
0.000000
0.001934
0.000000
0.001461
0.000000
0.000000
0.000000
0.000000
0.000000
0.000000
0.000000
0.001360
0.000000
0.000000
0.000000
0.000000
0.000000
0.000000
0.000000
0.000000
0.000000
0.000000
0.000000
0.000000
0.002472
0.000000
0.000000
0.002188
0.000000
0.000000
0.000000
0.000000
0.002311
0.000000
0.000000
0.000000
0.001426
0.000000
0.000000
0.000000
0.000000
0.001667
0.000000
0.000000
0.000000
0.000000
0.000000
0.000000
0.000000
0.000000
0.000000
0.000000
0.000000
0.002206
0.000000
0.000000
0.000000
0.000000
0.000000
0.000000
0.000000
0.000000
0.000000
0.000000
0.000000
0.000000
0.000000
0.000000
0.000000
0.000000
0.000000
0.000000
0.000000
0.000000
0.000000
0.000000
0.001865
0.000000
0.000000
0.001570
0.000000
0.000000
0.000000
0.000000
0.000000
0.000000
0.000000
0.000000
0.000000
0.000000
0.000000
0.000000
0.000000
0.000000
0.001473
0.000000
0.000000
0.000000
0.000000
0.000000
0.000000
0.000000
0.000000
0.000000
0.000000
0.000000
0.000000
0.000000
0.000000
0.000000
0.000000
0.000000
0.000000
0.001708
0.000000
0.000000
0.000000
0.000000
0.000000
0.000000
0.000000
0.000000
0.000000
0.000000
0.000000
0.000000
0.000000
0.000000
0.000000
0.000000
0.000000
0.001834
0.000000
0.000000
0.000000
0.000000
0.000000
0.000000
0.000000
0.000000
0.000000
0.000000
0.000000
0.000000
0.000000
0.000000
0.000000
0.000000
0.000000
0.000000
0.000000
0.000000
0.000000
0.000000
0.000000
0.000000
0.000000
0.000000
0.000000
0.000000
0.000000
0.000000
0.000000
0.000000
0.000000
0.000000
0.000000
0.000000
0.000000
0.000000
0.000000
0.000000
0.000000
0.000000
0.000000
0.000000
0.001518
0.000000
0.000000
0.000000
0.000000
0.001651
0.002340
0.000000
0.000000
0.000000
0.001557
0.000000
0.001984
0.000000
0.000000
0.000000
0.000000
0.001495
0.002210
0.000000
0.000000
0.000000
0.000000
0.000000
0.001462
0.000000
0.000000
0.000000
0.000000
0.000000
0.000000
0.000000
0.000000
0.000000
0.000000
0.000000
0.000000
0.000000
0.000000
0.000000
0.000000
0.000000
0.000000
0.001609
0.000000
0.000000
0.000000
0.000000
0.002656
0.000000
0.000000
0.000000
0.000000
0.001458
0.000000
0.000000
0.000000
0.000000
0.000000
0.000000
0.000000
0.000000
0.000000
0.000000
0.000000
0.000000
0.000000
0.001677
0.000000
0.001498
0.001757
0.000000
0.000000
0.000000
0.000000
0.000000
0.000000
0.000000
0.000000
0.000000
0.001616
0.000000
0.000000
0.000000
0.000000
0.000000
0.000000
0.000000
0.000000
0.000000
0.000000
0.002150
0.000000
0.000000
0.000000
0.000000
0.000000
0.000000
0.000000
0.000000
0.000000
0.000000
0.000000
0.000000
0.000000
0.000000
0.000000
0.000000
0.000000
0.000000
0.000000
0.000000
0.000000
0.000000
0.000000
0.000000
0.000000
0.000000
0.000000
0.000000
0.001977
0.000000
0.000000
0.000000
0.000000
0.000000
0.000000
0.000000
0.000000
0.000000
0.000000
0.000000
0.001655
0.000000
0.000000
0.000000
0.000000
0.000000
0.000000
0.000000
0.000000
0.000000
0.000000
0.000000
0.000000
0.000000
0.000000
0.000000
0.000000
0.000000
0.000000
0.000000
0.000000
0.000000
0.001580
0.000000
0.000000
0.000000
0.000000
0.000000
0.000000
0.000000
0.001559
0.000000
0.000000
0.000000
0.000000
0.002407
0.000000
0.000000
0.000000
0.000000
0.000000
0.000000
0.000000
0.000000
0.000000
0.000000
0.000000
0.000000
0.000000
0.000000
0.000000
0.000000
0.000000
0.000000
0.001543
0.000000
0.000000
0.000000
0.000000
0.001426
0.000000
0.000000
0.000000
0.001690
0.000000
0.002028
0.000000
0.001411
0.001523
0.000000
0.000000
0.000000
0.000000
0.000000
0.000000
0.000000
0.000000
0.000000
0.000000
0.000000
0.001661
0.000000
0.000000
0.000000
0.000000
0.000000
0.000000
0.002059
0.000000
0.001529
0.000000
0.000000
0.000000
0.000000
0.000000
0.000000
0.001509
0.002304
0.000000
0.000000
0.000000
0.000000
0.000000
0.001360
0.001390
0.001538
0.000000
0.000000
0.000000
0.000000
0.000000
0.001413
0.000000
0.000000
0.000000
0.000000
0.000000
0.000000
0.000000
0.000000
0.000000
0.000000
0.000000
0.000000
0.000000
0.000000
0.000000
0.000000
0.000000
0.000000
0.001854
0.000000
0.000000
0.000000
0.000000
0.000000
0.000000
0.000000
0.000000
0.000000
0.000000
0.002861
0.000000
0.001486
0.000000
0.000000
0.000000
0.001416
0.000000
0.000000
0.000000
0.000000
0.000000
0.000000
0.000000
0.000000
0.000000
0.002086
0.001359
0.000000
0.000000
0.000000
0.000000
0.000000
0.000000
0.002744
0.001956
0.001712
0.000000
0.000000
0.000000
0.000000
0.002071
0.000000
0.000000
0.000000
0.000000
0.002294
0.000000
0.000000
0.000000
0.000000
0.001815
0.000000
0.000000
0.000000
0.000000
0.000000
0.000000
0.000000
0.002177
0.000000
0.000000
0.000000
0.000000
0.000000
0.001388
0.000000
0.000000
0.000000
0.000000
0.000000
0.001995
0.000000
0.000000
0.000000
0.000000
0.000000
0.001523
0.000000
0.000000
0.000000
0.001386
0.000000
0.000000
0.000000
0.000000
0.000000
0.000000
0.000000
0.000000
0.000000
0.002417
0.003143
0.000000
0.000000
0.002154
0.000000
0.000000
0.000000
0.000000
0.000000
0.000000
0.000000
0.000000
0.001527
0.000000
0.000000
0.000000
0.000000
0.001555
0.000000
0.002002
0.001513
0.000000
0.000000
0.000000
0.003513
0.000000
0.000000
0.000000
0.000000
0.000000
0.000000
0.000000
0.000000
0.000000
0.000000
0.000000
0.000000
0.000000
0.000000
0.000000
0.000000
0.001584
0.000000
0.000000
0.000000
0.000000
0.000000
0.002568
0.000000
0.000000
0.000000
0.000000
0.000000
0.000000
0.000000
0.000000
0.000000
0.000000
0.001910
0.000000
0.000000
0.000000
0.000000
0.000000
0.000000
0.000000
0.000000
0.000000
0.000000
0.000000
0.000000
0.000000
0.000000
0.000000
0.000000
0.000000
0.000000
0.000000
0.003322
0.000000
0.000000
0.000000
0.000000
0.000000
0.000000
0.000000
0.000000
0.000000
0.000000
0.000000
0.000000
0.000000
0.000000
0.001609
0.001497
0.000000
0.000000
0.000000
0.000000
0.001680
0.000000
0.000000
0.000000
0.000000
0.000000
0.001468
0.000000
0.000000
0.000000
0.000000
0.000000
0.000000
0.000000
0.002613
0.001736
0.000000
0.000000
0.000000
0.000000
0.000000
0.000000
0.000000
0.001745
0.000000
0.001936
0.000000
0.000000
0.000000
0.000000
0.000000
0.003653
0.000000
0.000000
0.000000
0.000000
0.000000
0.000000
0.000000
0.000000
0.000000
0.000000
0.000000
0.000000
0.002158
0.000000
0.001595
0.000000
0.000000
0.000000
0.000000
0.000000
0.000000
0.000000
0.000000
0.000000
0.000000
0.000000
0.000000
0.000000
0.000000
0.000000
0.000000
0.000000
0.002366
0.000000
0.000000
0.000000
0.000000
0.000000
0.000000
0.000000
0.001686
0.000000
0.000000
0.000000
0.000000
0.000000
0.000000
0.000000
0.000000
0.000000
0.000000
0.002381
0.000000
0.000000
0.000000
0.000000
0.000000
0.002416
0.000000
0.000000
0.000000
0.000000
0.000000
0.000000
0.000000
0.000000
0.001452
0.000000
0.000000
0.000000
0.000000
0.000000
0.000000
0.000000
0.000000
0.000000
0.000000
0.000000
0.000000
0.000000
0.000000
0.000000
0.000000
0.000000
0.000000
0.000000
0.000000
0.000000
0.000000
0.000000
0.001699
0.000000
0.000000
0.000000
0.000000
0.000000
0.000000
0.000000
0.000000
0.000000
0.000000
0.001497
0.000000
0.000000
0.000000
0.000000
0.000000
0.000000
0.000000
0.000000
0.000000
0.000000
0.000000
0.000000
0.000000
0.000000
0.000000
0.000000
0.000000
0.001425
0.000000
0.000000
0.000000
0.001729
0.000000
0.000000
0.000000
0.000000
0.000000
0.000000
0.001592
0.002448
0.000000
0.000000
0.000000
0.000000
0.000000
0.000000
0.000000
0.000000
0.000000
0.001407
0.000000
0.000000
0.000000
0.001555
0.000000
0.000000
0.000000
0.000000
0.001409
0.000000
0.000000
