0.000000
0.000000
0.000000
0.000000
0.000000
0.000000
0.000000
0.000000
0.000000
0.000000
0.000000
0.001433
0.000000
0.000000
0.000000
0.000000
0.000000
0.000000
0.000000
0.000000
0.000000
0.003935
0.000000
0.001717
0.000000
0.000000
0.000000
0.000000
0.000000
0.000000
0.002694
0.000000
0.000000
0.000000
0.000000
0.000000
0.000000
0.000000
0.000000
0.000000
0.000000
0.000000
0.000000
0.000000
0.000000
0.000000
0.003511
0.000000
0.000000
0.000000
0.000000
0.000000
0.000000
0.000000
0.001663
0.000000
0.000000
0.000000
0.001646
0.000000
0.000000
0.000000
0.000000
0.001587
0.000000
0.000000
0.000000
0.001826
0.001752
0.000000
0.000000
0.000000
0.000000
0.000000
0.000000
0.000000
0.000000
0.000000
0.002006
0.002086
0.000000
0.000000
0.000000
0.000000
0.001653
0.000000
0.000000
0.000000
0.000000
0.000000
0.000000
0.000000
0.001417
0.001629
0.002323
0.001322
0.000000
0.000000
0.000000
0.000000
0.001699
0.000000
0.000000
0.000000
0.000000
0.000000
0.000000
0.000000
0.000000
0.000000
0.002040
0.000000
0.000000
0.002791
0.000000
0.001846
0.000000
0.000000
0.002640
0.000000
0.000000
0.000000
0.000000
0.000000
0.000000
0.001873
0.000000
0.002482
0.000000
0.000000
0.000000
0.001325
0.000000
0.000000
0.000000
0.000000
0.000000
0.000000
0.000000
0.000000
0.000000
0.001514
0.000000
0.000000
0.000000
0.000000
0.000000
0.003260
0.001361
0.000000
0.000000
0.000000
0.000000
0.000000
0.000000
0.000000
0.000000
0.000000
0.000000
0.000000
0.000000
0.001456
0.002027
0.000000
0.000000
0.000000
0.000000
0.000000
0.000000
0.000000
0.000000
0.000000
0.000000
0.000000
0.000000
0.000000
0.000000
0.000000
0.000000
0.000000
0.000000
0.000000
0.000000
0.001930
0.000000
0.000000
0.000000
0.001931
0.000000
0.000000
0.000000
0.002688
0.000000
0.000000
0.001458
0.000000
0.000000
0.003248
0.000000
0.000000
0.000000
0.000000
0.001426
0.000000
0.000000
0.000000
0.000000
0.000000
0.000000
0.002284
0.000000
0.000000
0.000000
0.000000
0.000000
0.000000
0.000000
0.000000
0.000000
0.000000
0.000000
0.000000
0.000000
0.000000
0.000000
0.000000
0.001455
0.000000
0.000000
0.000000
0.000000
0.000000
0.000000
0.001440
0.000000
0.001365
0.000000
0.000000
0.000000
0.000000
0.000000
0.000000
0.001687
0.000000
0.000000
0.000000
0.000000
0.000000
0.000000
0.000000
0.000000
0.000000
0.000000
0.000000
0.000000
0.000000
0.000000
0.000000
0.000000
0.000000
0.000000
0.000000
0.000000
0.000000
0.000000
0.001506
0.000000
0.000000
0.000000
0.000000
0.000000
0.000000
0.000000
0.000000
0.000000
0.001501
0.000000
0.000000
0.001429
0.000000
0.000000
0.000000
0.000000
0.000000
0.000000
0.000000
0.000000
0.000000
0.000000
0.000000
0.000000
0.000000
0.000000
0.000000
0.000000
0.000000
0.000000
0.000000
0.000000
0.000000
0.000000
0.001946
0.000000
0.000000
0.000000
0.000000
0.000000
0.000000
0.000000
0.000000
0.000000
0.000000
0.000000
0.000000
0.000000
0.000000
0.000000
0.000000
0.000000
0.002833
0.000000
0.000000
0.000000
0.000000
0.000000
0.000000
0.000000
0.001979
0.000000
0.000000
0.000000
0.000000
0.000000
0.000000
0.000000
0.000000
0.000000
0.000000
0.000000
0.000000
0.000000
0.000000
0.001343
0.000000
0.000000
0.000000
0.000000
0.000000
0.000000
0.000000
0.001832
0.000000
0.001385
0.001877
0.001704
0.000000
0.000000
0.000000
0.001679
0.000000
0.000000
0.000000
0.000000
0.000000
0.001357
0.000000
0.000000
0.000000
0.000000
0.001255
0.000000
0.000000
0.000000
0.000000
0.000000
0.000000
0.000000
0.001550
0.000000
0.000000
0.000000
0.000000
0.000000
0.000000
0.000000
0.000000
0.000000
0.000000
0.000000
0.000000
0.000000
0.000000
0.000000
0.000000
0.000000
0.001289
0.001988
0.000000
0.000000
0.000000
0.000000
0.000000
0.001788
0.001470
0.001609
0.000000
0.000000
0.000000
0.000000
0.000000
0.000000
0.000000
0.000000
0.000000
0.000000
0.000000
0.000000
0.000000
0.000000
0.000000
0.000000
0.000000
0.001324
0.000000
0.000000
0.000000
0.000000
0.000000
0.000000
0.000000
0.000000
0.000000
0.000000
0.000000
0.000000
0.000000
0.000000
0.000000
0.000000
0.000000
0.000000
0.000000
0.000000
0.000000
0.000000
0.000000
0.000000
0.000000
0.000000
0.000000
0.000000
0.000000
0.000000
0.000000
0.000000
0.000000
0.000000
0.000000
0.000000
0.000000
0.000000
0.000000
0.000000
0.000000
0.000000
0.001650
0.000000
0.000000
0.000000
0.000000
0.002611
0.001345
0.000000
0.000000
0.001579
0.000000
0.000000
0.000000
0.000000
0.000000
0.000000
0.000000
0.000000
0.001974
0.000000
0.000000
0.000000
0.000000
0.000000
0.000000
0.000000
0.000000
0.000000
0.000000
0.000000
0.000000
0.000000
0.000000
0.000000
0.000000
0.000000
0.000000
0.000000
0.000000
0.000000
0.000000
0.000000
0.000000
0.001664
0.000000
0.000000
0.000000
0.000000
0.000000
0.000000
0.000000
0.000000
0.001847
0.000000
0.000000
0.001334
0.001387
0.000000
0.000000
0.000000
0.000000
0.000000
0.000000
0.000000
0.001923
0.000000
0.000000
0.000000
0.000000
0.000000
0.000000
0.000000
0.000000
0.000000
0.000000
0.000000
0.000000
0.000000
0.000000
0.000000
0.000000
0.000000
0.000000
0.000000
0.000000
0.000000
0.000000
0.000000
0.000000
0.000000
0.001317
0.000000
0.000000
0.000000
0.000000
0.000000
0.000000
0.000000
0.000000
0.000000
0.000000
0.000000
0.001616
0.000000
0.000000
0.000000
0.000000
0.000000
0.000000
0.000000
0.000000
0.000000
0.002086
0.002433
0.000000
0.000000
0.000000
0.000000
0.001724
0.000000
0.001770
0.000000
0.000000
0.000000
0.000000
0.000000
0.000000
0.001418
0.000000
0.000000
0.000000
0.002438
0.002164
0.000000
0.000000
0.000000
0.001321
0.000000
0.000000
0.000000
0.000000
0.000000
0.000000
0.000000
0.000000
0.000000
0.000000
0.000000
0.000000
0.000000
0.000000
0.000000
0.000000
0.000000
0.000000
0.000000
0.000000
0.000000
0.001483
0.000000
0.000000
0.000000
0.000000
0.000000
0.000000
0.000000
0.000000
0.000000
0.000000
0.000000
0.000000
0.000000
0.000000
0.000000
0.003148
0.000000
0.000000
0.000000
0.000000
0.000000
0.000000
0.001355
0.000000
0.001748
0.000000
0.000000
0.000000
0.000000
0.000000
0.000000
0.001490
0.000000
0.000000
0.000000
0.000000
0.000000
0.000000
0.000000
0.000000
0.000000
0.000000
0.000000
0.000000
0.000000
0.000000
0.001547
0.000000
0.000000
0.000000
0.000000
0.000000
0.000000
0.000000
0.001907
0.001560
0.000000
0.000000
0.000000
0.000000
0.000000
0.000000
0.000000
0.000000
0.000000
0.000000
0.000000
0.002683
0.000000
0.000000
0.000000
0.000000
0.000000
0.000000
0.001271
0.000000
0.000000
0.001679
0.000000
0.000000
0.001360
0.000000
0.000000
0.001448
0.000000
0.000000
0.000000
0.000000
0.001275
0.000000
0.000000
0.000000
0.000000
0.000000
0.000000
0.001575
0.000000
0.000000
0.000000
0.000000
0.000000
0.000000
0.000000
0.000000
0.000000
0.000000
0.000000
0.000000
0.000000
0.000000
0.000000
0.000000
0.000000
0.000000
0.000000
0.002441
0.000000
0.000000
0.000000
0.000000
0.000000
0.000000
0.000000
0.000000
0.000000
0.000000
0.000000
0.002332
0.001325
0.000000
0.000000
0.000000
0.000000
0.001774
0.000000
0.000000
0.000000
0.001829
0.000000
0.000000
0.000000
0.000000
0.000000
0.000000
0.000000
0.000000
0.000000
0.002063
0.000000
0.000000
0.000000
0.000000
0.000000
0.000000
0.000000
0.000000
0.000000
0.001552
0.000000
0.001326
0.000000
0.002595
0.000000
0.000000
0.002419
0.000000
0.000000
0.000000
0.000000
0.001315
0.002177
0.000000
0.001755
0.000000
0.000000
0.002415
0.000000
0.000000
0.000000
0.000000
0.000000
0.000000
0.000000
0.000000
0.002273
0.000000
0.000000
0.002121
0.000000
0.000000
0.000000
0.000000
0.000000
0.000000
0.000000
0.000000
0.000000
0.000000
0.000000
0.000000
0.000000
0.000000
0.000000
0.000000
0.000000
0.001934
0.000000
0.000000
0.000000
0.000000
0.000000
0.002463
0.000000
0.000000
0.000000
0.000000
0.000000
0.000000
0.000000
0.000000
0.000000
0.000000
0.001371
0.000000
0.000000
0.000000
0.000000
0.000000
0.000000
0.000000
0.000000
0.000000
0.000000
0.000000
0.000000
0.000000
0.000000
0.000000
0.000000
0.000000
0.000000
0.000000
0.000000
0.000000
0.000000
0.002545
0.000000
0.000000
0.000000
0.000000
0.000000
0.000000
0.000000
0.000000
0.000000
0.003184
0.000000
0.000000
0.000000
0.000000
0.000000
0.000000
0.000000
0.000000
0.000000
0.001480
0.000000
0.000000
0.001975
0.000000
0.000000
0.000000
0.000000
0.002066
0.001626
0.000000
0.000000
0.001788
0.000000
0.000000
0.000000
0.000000
0.000000
0.000000
0.000000
0.000000
0.000000
0.000000
0.000000
0.000000
0.000000
0.000000
0.001524
0.000000
0.000000
0.001315
0.002625
0.000000
0.000000
0.000000
0.000000
0.000000
0.000000
0.000000
0.000000
0.000000
0.000000
0.000000
0.000000
0.000000
0.000000
0.001802
0.000000
0.000000
0.000000
0.000000
0.000000
0.000000
0.000000
0.000000
0.000000
0.000000
0.002785
0.000000
0.000000
0.000000
0.000000
0.000000
0.000000
0.000000
0.000000
0.000000
0.000000
0.000000
0.001856
0.000000
0.001427
0.000000
0.000000
0.000000
0.000000
0.000000
0.000000
0.000000
0.000000
0.000000
0.000000
0.000000
0.000000
0.000000
0.004040
0.000000
0.000000
0.000000
0.001586
0.000000
0.000000
0.000000
0.000000
0.000000
0.000000
0.000000
0.000000
0.000000
0.000000
0.000000
0.000000
0.000000
0.000000
0.068155
0.000000
0.000000
0.001667
0.000000
0.000000
0.000000
0.002005
0.000000
0.000000
0.000000
0.000000
0.000000
0.000000
0.000000
0.000000
0.000000
0.000000
0.000000
0.000000
0.000000
0.000000
0.000000
0.000000
0.000000
0.000000
0.000000
0.000000
0.000000
0.000000
0.000000
0.000000
0.000000
0.000000
0.001931
0.000000
0.000000
0.000000
0.000000
0.001800
0.000000
0.000000
0.000000
0.000000
0.000000
0.001395
0.000000
0.000000
0.000000
0.000000
0.000000
0.000000
0.000000
0.000000
0.000000
0.001385
0.000000
0.000000
0.000000
0.002329
0.000000
0.000000
0.000000
0.000000
0.002228
0.000000
0.000000
0.000000
0.000000
0.000000
0.000000
0.000000
0.000000
0.000000
0.001404
0.001386
0.000000
0.000000
0.000000
0.000000
0.000000
0.000000
0.000000
0.000000
0.001336
0.002009
0.000000
0.000000
0.001270
0.000000
0.000000
0.000000
0.000000
0.000000
0.000000
0.000000
0.000000
0.000000
0.000000
0.000000
0.000000
0.000000
0.000000
0.000000
0.000000
0.001482
0.000000
0.000000
0.000000
0.000000
0.000000
0.000000
0.000000
0.000000
0.000000
0.000000
0.000000
0.000000
0.000000
0.000000
0.001387
0.000000
0.000000
0.000000
0.000000
0.001445
0.000000
0.000000
0.000000
0.001261
0.000000
0.000000
0.000000
0.001585
0.000000
0.000000
0.000000
0.000000
0.000000
0.000000
0.000000
0.000000
0.000000
0.000000
0.000000
0.000000
0.000000
0.000000
0.000000
0.000000
0.000000
0.003923
0.001409
0.001730
0.000000
0.000000
0.000000
0.000000
0.000000
0.000000
0.000000
0.002723
0.000000
0.000000
0.000000
0.000000
0.000000
0.000000
0.000000
0.000000
0.000000
0.000000
0.000000
0.000000
0.002208
0.002320
0.000000
0.003105
0.000000
0.001601
0.000000
0.000000
0.000000
0.001521
0.000000
0.000000
0.002128
0.000000
0.000000
0.001632
0.000000
0.000000
0.000000
0.000000
0.000000
0.000000
0.000000
0.000000
0.000000
0.000000
0.000000
0.000000
0.000000
0.000000
0.000000
0.000000
0.000000
0.001641
0.004197
0.000000
0.002576
0.001424
0.000000
0.000000
0.001446
0.000000
0.001798
0.000000
0.000000
0.000000
0.000000
0.001857
0.000000
0.000000
0.000000
0.000000
0.000000
0.000000
0.000000
0.000000
0.000000
0.000000
0.000000
0.000000
0.000000
0.000000
0.000000
0.000000
0.000000
0.000000
0.001962
0.000000
0.000000
0.001892
0.000000
0.000000
0.001953
0.000000
0.000000
0.000000
0.001912
0.000000
0.000000
0.000000
0.000000
0.000000
0.000000
0.000000
0.000000
0.001305
0.000000
0.000000
0.000000
0.000000
0.000000
0.000000
0.001655
0.001376
0.000000
0.000000
0.000000
0.002292
0.000000
0.000000
0.000000
0.000000
0.000000
0.000000
0.000000
0.000000
0.000000
0.000000
0.000000
0.000000
0.000000
0.000000
0.000000
0.000000
0.000000
0.000000
0.001456
0.000000
0.000000
0.000000
0.000000
0.000000
0.000000
0.000000
0.000000
0.000000
0.000000
0.000000
0.001413
0.000000
0.000000
0.000000
0.000000
0.000000
0.000000
0.000000
0.000000
0.000000
0.000000
0.000000
0.000000
0.001516
0.000000
0.000000
0.000000
0.000000
0.000000
0.000000
0.000000
0.000000
0.000000
0.000000
0.000000
0.000000
0.001533
0.000000
0.000000
0.001675
0.000000
0.000000
0.000000
0.000000
0.000000
0.000000
0.000000
0.000000
0.000000
0.000000
0.001563
0.001692
0.000000
0.000000
0.000000
0.000000
0.000000
0.000000
0.000000
0.000000
0.000000
0.000000
0.000000
0.000000
0.000000
0.000000
0.000000
0.000000
0.000000
0.000000
0.000000
0.001289
0.000000
0.000000
0.000000
0.000000
0.000000
0.002733
0.000000
0.000000
0.000000
0.001983
0.000000
0.001386
0.000000
0.000000
0.000000
0.001371
0.000000
0.000000
0.000000
0.001750
0.000000
0.000000
0.000000
0.000000
0.000000
0.000000
0.000000
0.000000
0.000000
0.001533
0.000000
0.002255
0.000000
0.000000
0.000000
0.000000
0.000000
0.000000
0.000000
0.000000
0.000000
0.000000
0.002221
0.000000
0.000000
0.001271
0.000000
0.000000
0.000000
0.000000
0.000000
0.000000
0.000000
0.000000
0.000000
0.000000
0.000000
0.000000
0.000000
0.000000
0.001330
0.000000
0.000000
0.000000
0.001333
0.000000
0.000000
0.000000
0.000000
0.000000
0.000000
0.000000
0.000000
0.000000
0.000000
0.001441
0.000000
0.000000
0.000000
0.000000
0.000000
0.000000
0.000000
0.000000
0.000000
0.001583
0.000000
0.000000
0.000000
0.000000
0.000000
0.000000
0.000000
0.000000
0.000000
0.000000
0.000000
0.000000
0.000000
0.000000
0.000000
0.000000
0.000000
0.000000
0.000000
0.000000
0.000000
0.000000
0.000000
0.000000
0.000000
0.000000
0.000000
0.000000
0.000000
0.000000
0.000000
0.000000
0.000000
0.000000
0.000000
0.000000
0.000000
0.000000
0.000000
0.000000
0.000000
0.000000
0.000000
0.000000
0.000000
0.000000
0.000000
0.000000
0.000000
0.000000
0.000000
0.000000
0.000000
0.002058
0.000000
0.000000
0.000000
0.000000
0.000000
0.000000
0.000000
0.000000
0.000000
0.001320
0.002167
0.000000
0.000000
0.000000
0.000000
0.001562
0.000000
0.001716
0.000000
0.000000
0.000000
0.000000
0.000000
0.000000
0.000000
0.000000
0.000000
0.000000
0.000000
0.000000
0.000000
0.000000
0.002768
0.000000
0.000000
0.000000
0.000000
0.000000
0.000000
0.002098
0.000000
0.000000
0.000000
0.000000
0.000000
0.000000
0.000000
0.000000
0.000000
0.000000
0.000000
0.000000
0.000000
0.000000
0.000000
0.000000
0.000000
0.000000
0.000000
0.000000
0.002382
0.000000
0.002338
0.000000
0.001930
0.000000
0.002364
0.001334
0.000000
0.000000
0.000000
0.000000
0.000000
0.002518
0.000000
0.000000
0.000000
0.000000
0.001862
0.000000
0.002124
0.000000
0.000000
0.000000
0.000000
0.000000
0.000000
0.000000
0.000000
0.000000
0.000000
0.000000
0.000000
0.000000
0.000000
0.000000
0.000000
0.000000
0.000000
0.000000
0.000000
0.000000
0.000000
0.000000
0.000000
0.000000
0.000000
0.000000
0.000000
0.002043
0.000000
0.000000
0.000000
0.000000
0.000000
0.000000
0.000000
0.000000
0.000000
0.000000
0.000000
0.000000
0.000000
0.000000
0.000000
0.000000
0.000000
0.000000
0.000000
0.000000
0.000000
0.000000
0.000000
0.000000
0.000000
0.000000
0.000000
0.000000
0.000000
0.000000
0.000000
0.000000
0.000000
0.000000
0.000000
0.000000
0.000000
0.000000
0.001723
0.000000
0.000000
0.000000
0.000000
0.000000
0.000000
0.000000
0.000000
0.001582
0.000000
0.000000
0.000000
0.000000
0.001721
0.001915
0.000000
0.000000
0.000000
0.000000
0.000000
0.000000
0.000000
0.000000
0.000000
0.003140
0.000000
0.000000
0.000000
0.002014
0.000000
0.001814
0.000000
0.000000
0.000000
0.001773
0.000000
0.000000
0.000000
0.000000
0.000000
0.000000
0.000000
0.000000
0.000000
0.000000
0.000000
0.000000
0.001478
0.000000
0.000000
0.001748
0.000000
0.000000
0.001329
0.000000
0.000000
0.000000
0.000000
0.000000
0.000000
0.000000
0.000000
0.000000
0.000000
0.002312
0.000000
0.000000
0.000000
0.000000
0.000000
0.000000
0.000000
0.000000
0.001668
0.000000
0.000000
0.000000
0.000000
0.000000
0.000000
0.000000
0.000000
0.000000
0.000000
0.001572
0.000000
0.000000
0.000000
0.000000
0.000000
0.001358
0.001998
0.000000
0.000000
0.000000
0.000000
0.000000
0.000000
0.000000
0.000000
0.000000
0.000000
0.000000
0.000000
0.000000
0.000000
0.000000
0.000000
0.000000
0.000000
0.000000
0.000000
0.000000
0.000000
0.000000
0.002038
0.000000
0.000000
0.001613
0.000000
0.000000
0.000000
0.001638
0.000000
0.000000
0.000000
0.000000
0.000000
0.000000
0.000000
0.001687
0.000000
0.000000
0.000000
0.000000
0.000000
0.000000
0.001371
0.000000
0.000000
0.000000
0.000000
0.000000
0.000000
0.001543
0.000000
0.000000
0.000000
0.000000
0.000000
0.000000
0.000000
0.000000
0.000000
0.000000
0.000000
0.000000
0.000000
0.000000
0.000000
0.002081
0.000000
0.000000
0.001443
0.000000
0.000000
0.000000
0.000000
0.000000
0.000000
0.000000
0.000000
0.000000
0.000000
0.000000
0.000000
0.000000
0.000000
0.000000
0.000000
0.000000
0.000000
0.000000
0.000000
0.000000
0.000000
0.001499
0.000000
0.000000
0.000000
0.001488
0.000000
0.000000
0.000000
0.000000
0.000000
0.000000
0.000000
0.000000
0.000000
0.001828
0.000000
0.000000
0.000000
0.001507
0.000000
0.000000
0.000000
0.000000
0.000000
0.002872
0.000000
0.000000
0.000000
0.000000
0.000000
0.000000
0.000000
0.000000
0.000000
0.000000
0.000000
0.001326
0.000000
0.000000
0.000000
0.000000
0.000000
0.000000
0.001720
0.000000
0.000000
0.000000
0.000000
0.000000
0.000000
0.000000
0.000000
0.001459
0.000000
0.000000
0.001709
0.000000
0.000000
0.000000
0.000000
0.000000
0.000000
0.000000
0.000000
0.000000
0.000000
0.000000
0.000000
0.001318
0.000000
0.000000
0.000000
0.000000
0.000000
0.000000
0.000000
0.000000
0.000000
0.000000
0.000000
0.000000
0.000000
0.002223
0.000000
0.000000
0.000000
0.001272
0.000000
0.000000
0.000000
0.000000
0.000000
0.001321
0.000000
0.000000
0.000000
0.000000
0.000000
0.000000
0.000000
0.001776
0.000000
0.000000
0.000000
0.001936
0.000000
0.000000
0.000000
0.000000
0.000000
0.000000
0.000000
0.000000
0.000000
0.000000
0.000000
0.001290
0.001625
0.000000
0.000000
0.000000
0.000000
0.000000
0.000000
0.000000
0.000000
0.000000
0.000000
0.000000
0.000000
0.000000
0.000000
0.000000
0.000000
0.000000
0.000000
0.000000
0.000000
0.000000
0.000000
0.000000
0.000000
0.000000
0.000000
0.000000
0.000000
0.000000
0.000000
0.000000
0.000000
0.000000
0.000000
0.000000
0.000000
0.000000
0.000000
0.000000
0.000000
0.000000
0.000000
0.000000
0.000000
0.000000
0.000000
0.000000
0.000000
0.000000
0.000000
0.000000
0.000000
0.000000
0.000000
0.000000
0.001295
0.000000
0.000000
0.001417
0.000000
0.000000
0.000000
0.000000
0.000000
0.000000
0.000000
0.000000
0.000000
0.000000
0.001545
0.000000
0.000000
0.000000
0.000000
0.000000
0.000000
0.000000
0.000000
0.000000
0.000000
0.002076
0.000000
0.001958
0.000000
0.000000
0.001603
0.000000
0.000000
0.000000
0.000000
0.000000
0.000000
0.000000
0.000000
0.000000
0.000000
0.000000
0.000000
0.000000
0.000000
0.000000
0.000000
0.000000
0.000000
0.000000
0.000000
0.000000
0.001296
0.000000
0.000000
0.000000
0.001696
0.000000
0.002097
0.001432
0.000000
0.000000
0.000000
0.000000
0.000000
0.001277
0.000000
0.000000
0.000000
0.000000
0.000000
0.000000
0.000000
0.000000
0.000000
0.000000
0.001374
0.000000
0.000000
0.000000
0.000000
0.000000
0.000000
0.000000
0.000000
0.000000
0.001549
0.000000
0.000000
0.000000
0.000000
0.002187
0.000000
0.000000
0.000000
0.000000
0.000000
0.000000
0.000000
0.000000
0.001345
0.000000
0.000000
0.000000
0.000000
0.001445
0.000000
0.001540
0.001339
0.000000
0.001402
0.002886
0.000000
0.000000
0.000000
0.000000
0.000000
0.001328
0.000000
0.001299
0.000000
0.000000
0.000000
0.000000
0.000000
0.000000
0.001399
0.000000
0.000000
0.000000
0.000000
0.000000
0.000000
0.000000
0.000000
0.000000
0.000000
0.000000
0.000000
0.000000
0.000000
0.000000
0.000000
0.000000
0.000000
0.000000
0.001803
0.000000
0.000000
0.000000
0.000000
0.000000
0.000000
0.000000
0.000000
0.001753
0.000000
0.000000
0.000000
0.001477
0.000000
0.000000
0.000000
0.000000
0.000000
0.001529
0.000000
0.000000
0.000000
0.000000
0.000000
0.000000
0.000000
0.000000
0.000000
0.002845
0.000000
0.000000
0.000000
0.000000
0.000000
0.000000
0.000000
0.001767
0.000000
0.000000
0.000000
0.000000
0.000000
0.000000
0.000000
0.001827
0.000000
0.001297
0.000000
0.000000
0.000000
0.000000
0.000000
0.000000
0.000000
0.000000
0.000000
0.000000
0.000000
0.000000
0.000000
0.000000
0.003276
0.000000
0.001764
0.000000
0.000000
0.000000
0.000000
0.000000
0.000000
0.000000
0.003553
0.000000
0.000000
0.000000
0.000000
0.000000
0.000000
0.000000
0.001273
0.000000
0.000000
0.000000
0.000000
0.000000
0.001497
0.000000
0.002666
0.000000
0.000000
0.000000
0.000000
0.000000
0.000000
0.002192
0.000000
0.001945
0.000000
0.000000
0.000000
0.000000
0.000000
0.000000
0.000000
0.000000
0.000000
0.003003
0.000000
0.000000
0.000000
0.000000
0.000000
0.001752
0.000000
0.000000
0.000000
0.000000
0.000000
0.000000
0.000000
0.000000
0.000000
0.000000
0.000000
0.000000
0.001433
0.000000
0.000000
0.000000
0.000000
0.001776
0.000000
0.000000
0.000000
0.000000
0.000000
0.000000
0.000000
0.000000
0.000000
0.001891
0.000000
0.000000
0.000000
0.000000
0.000000
0.000000
0.000000
0.000000
0.000000
0.000000
0.002004
0.000000
0.000000
0.000000
0.000000
0.000000
0.000000
0.000000
0.000000
0.000000
0.000000
0.000000
0.000000
0.001431
0.000000
0.000000
0.000000
0.000000
0.000000
0.000000
0.000000
0.000000
0.000000
0.000000
0.000000
0.001625
0.000000
0.001534
0.000000
0.000000
0.000000
0.000000
0.000000
0.000000
0.000000
0.000000
0.000000
0.000000
0.000000
0.001630
0.000000
0.000000
0.000000
0.000000
0.000000
0.000000
0.000000
0.000000
0.001802
0.000000
0.000000
0.001359
0.000000
0.000000
0.000000
0.000000
0.000000
0.001320
0.000000
0.000000
0.001436
0.000000
0.000000
0.000000
0.000000
0.000000
0.000000
0.000000
0.000000
0.000000
0.001404
0.000000
0.000000
0.000000
0.000000
0.000000
0.000000
0.000000
0.000000
0.001875
0.000000
0.000000
0.000000
0.001580
0.000000
0.000000
0.000000
0.000000
0.000000
0.000000
0.000000
0.000000
0.000000
0.000000
0.000000
0.000000
0.000000
0.000000
0.000000
0.000000
0.000000
0.000000
0.000000
0.000000
0.000000
0.000000
0.000000
0.000000
0.000000
0.001545
0.000000
0.000000
0.000000
0.000000
0.000000
0.000000
0.000000
0.000000
0.000000
0.000000
0.000000
0.000000
0.000000
0.000000
0.000000
0.000000
0.000000
0.000000
0.000000
0.000000
0.000000
0.001284
0.001293
0.001849
0.000000
0.000000
0.000000
0.000000
0.002034
0.000000
0.000000
0.000000
0.000000
0.000000
0.000000
0.000000
0.000000
0.000000
0.000000
0.000000
0.000000
0.000000
0.000000
0.000000
0.000000
0.000000
0.000000
0.000000
0.000000
0.000000
0.000000
0.000000
0.000000
0.000000
0.000000
0.000000
0.000000
0.001811
0.000000
0.000000
0.000000
0.000000
0.000000
0.000000
0.000000
0.001294
0.000000
0.000000
0.001480
0.000000
0.000000
0.000000
0.000000
0.000000
0.000000
0.000000
0.000000
0.000000
0.000000
0.000000
0.000000
0.000000
0.000000
0.000000
0.000000
0.000000
0.000000
0.000000
0.000000
0.000000
0.000000
0.000000
0.001490
0.000000
0.000000
0.000000
0.000000
0.000000
0.000000
0.000000
0.000000
0.000000
0.000000
0.000000
0.001580
0.000000
0.000000
0.000000
0.000000
0.000000
0.000000
0.000000
0.000000
0.000000
0.000000
0.000000
0.000000
0.000000
0.000000
0.000000
0.000000
0.000000
0.000000
0.000000
0.003271
0.000000
0.000000
0.000000
0.000000
0.000000
0.000000
0.000000
0.001436
0.000000
0.000000
0.000000
0.000000
0.000000
0.000000
0.000000
0.000000
0.000000
0.000000
0.000000
0.000000
0.000000
0.000000
0.001539
0.000000
0.000000
0.001506
0.002230
0.000000
0.000000
0.002083
0.000000
0.000000
0.001554
0.000000
0.000000
0.000000
0.000000
0.000000
0.000000
0.000000
0.001323
0.000000
0.000000
0.000000
0.003115
0.001411
0.000000
0.000000
0.000000
0.000000
0.001273
0.000000
0.000000
0.000000
0.000000
0.000000
0.000000
0.000000
0.001702
0.000000
0.000000
0.000000
0.000000
0.000000
0.000000
0.000000
0.000000
0.000000
0.000000
0.000000
0.000000
0.000000
0.000000
0.000000
0.000000
0.000000
0.000000
0.000000
0.000000
0.001341
0.000000
0.000000
0.000000
0.001902
0.000000
0.000000
0.000000
0.001367
0.000000
0.000000
0.000000
0.000000
0.002611
0.000000
0.002528
0.000000
0.001642
0.000000
0.000000
0.000000
0.001533
0.000000
0.000000
0.001895
0.000000
0.000000
0.000000
0.000000
0.000000
0.000000
0.000000
0.000000
0.000000
0.001407
0.000000
0.000000
0.000000
0.001416
0.000000
0.000000
0.000000
0.000000
0.000000
0.000000
0.000000
0.001703
0.002882
0.000000
0.000000
0.000000
0.000000
0.000000
0.000000
0.000000
0.000000
0.000000
0.000000
0.000000
0.000000
0.000000
0.000000
0.000000
0.000000
0.000000
0.000000
0.000000
0.000000
0.000000
0.000000
0.000000
0.000000
0.002458
0.000000
0.000000
0.000000
0.000000
0.000000
0.000000
0.000000
0.000000
0.000000
0.001489
0.000000
0.000000
0.000000
0.000000
0.000000
0.000000
0.000000
0.001856
0.000000
0.000000
0.000000
0.001278
0.000000
0.000000
0.000000
0.000000
0.000000
0.000000
0.000000
0.000000
0.000000
0.000000
0.000000
0.000000
0.000000
0.000000
0.000000
0.000000
0.000000
0.000000
0.000000
0.001476
0.000000
0.000000
0.000000
0.000000
0.000000
0.000000
0.000000
0.000000
0.000000
0.000000
0.001276
0.000000
0.000000
0.000000
0.000000
0.000000
0.000000
0.000000
0.000000
0.001586
0.000000
0.000000
0.000000
0.000000
0.000000
0.000000
0.001287
0.000000
0.002291
0.000000
0.000000
0.000000
0.000000
0.000000
0.000000
0.000000
0.000000
0.000000
0.000000
0.000000
0.000000
0.000000
0.000000
0.000000
0.000000
0.000000
0.001527
0.000000
0.000000
0.001815
0.000000
0.000000
0.000000
0.000000
0.000000
0.000000
0.000000
0.000000
0.000000
0.000000
0.000000
0.000000
0.000000
0.000000
0.000000
0.000000
0.000000
0.000000
0.000000
0.000000
0.001444
0.000000
0.000000
0.000000
0.000000
0.001271
0.000000
0.000000
0.000000
0.000000
0.000000
0.000000
0.000000
0.000000
0.000000
0.001316
0.000000
0.002364
0.001283
0.000000
0.000000
0.000000
0.000000
0.000000
0.000000
0.000000
0.000000
0.000000
0.000000
0.000000
0.000000
0.000000
0.000000
0.000000
0.001549
0.000000
0.000000
0.000000
0.000000
0.000000
0.000000
0.001287
0.000000
0.001759
0.000000
0.000000
0.000000
0.000000
0.000000
0.001415
0.000000
0.000000
0.000000
0.000000
0.000000
0.001434
0.000000
0.000000
0.000000
0.000000
0.000000
0.000000
0.000000
0.000000
0.000000
0.000000
0.001391
0.001282
0.000000
0.001468
0.001370
0.000000
0.000000
0.000000
0.000000
0.001275
0.000000
0.001795
0.000000
0.000000
0.000000
0.000000
0.000000
0.000000
0.000000
0.000000
0.000000
0.000000
0.000000
0.000000
0.000000
0.000000
0.000000
0.000000
0.000000
0.000000
0.000000
0.000000
0.000000
0.001998
0.000000
0.000000
0.001513
0.002111
0.004140
0.000000
0.000000
0.000000
0.000000
0.000000
0.001973
0.000000
0.000000
0.000000
0.000000
0.000000
0.000000
0.000000
0.000000
0.003539
0.000000
0.000000
0.000000
0.000000
0.000000
0.000000
0.000000
0.001865
0.000000
0.000000
0.000000
0.000000
0.000000
0.000000
0.001880
0.000000
0.000000
0.000000
0.000000
0.000000
0.000000
0.000000
0.000000
0.000000
0.000000
0.000000
0.000000
0.000000
0.001615
0.000000
0.000000
0.000000
0.000000
0.000000
0.000000
0.000000
0.000000
0.001255
0.000000
0.000000
0.000000
0.000000
0.000000
0.000000
0.000000
0.000000
0.000000
0.003283
0.000000
0.000000
0.000000
0.000000
0.000000
0.000000
0.000000
0.000000
0.001449
0.000000
0.000000
0.000000
0.000000
0.000000
0.000000
0.000000
0.000000
0.000000
0.000000
0.002289
0.000000
0.000000
0.000000
0.000000
0.000000
0.000000
0.000000
0.000000
0.000000
0.000000
0.002388
0.000000
0.001385
0.000000
0.000000
0.000000
0.001702
0.000000
0.000000
0.000000
0.000000
0.000000
0.000000
0.000000
0.000000
0.000000
0.000000
0.000000
0.001319
0.000000
0.000000
0.002254
0.000000
0.000000
0.000000
0.000000
0.000000
0.001639
0.000000
0.000000
0.001293
0.001584
0.000000
0.000000
0.000000
0.000000
0.000000
0.001842
0.000000
0.000000
0.000000
0.000000
0.000000
0.000000
0.000000
0.000000
0.000000
0.000000
0.000000
0.001401
0.000000
0.001748
0.000000
0.000000
0.000000
0.000000
0.000000
0.000000
0.000000
0.000000
0.000000
0.001764
0.000000
0.000000
0.000000
0.001629
0.000000
0.000000
0.001866
0.000000
0.000000
0.000000
0.000000
0.000000
0.000000
0.000000
0.000000
0.000000
0.000000
0.000000
0.001858
0.000000
0.000000
0.000000
0.000000
0.000000
0.000000
0.000000
0.001305
0.000000
0.000000
0.000000
0.000000
0.001405
0.002119
0.000000
0.000000
0.002263
0.000000
0.000000
0.000000
0.000000
0.000000
0.000000
0.000000
0.000000
0.000000
0.000000
0.000000
0.001441
0.000000
0.000000
0.000000
0.000000
0.000000
0.000000
0.000000
0.000000
0.000000
0.001347
0.000000
0.001730
0.000000
0.000000
0.000000
0.000000
0.000000
0.000000
0.000000
0.000000
0.000000
0.000000
0.000000
0.000000
0.000000
0.000000
0.000000
0.000000
0.000000
0.000000
0.000000
0.000000
0.001827
0.000000
0.000000
0.001445
0.000000
0.002377
0.000000
0.000000
0.002698
0.000000
0.000000
0.000000
0.000000
0.000000
0.000000
0.000000
0.000000
0.000000
0.000000
0.000000
0.000000
0.000000
0.000000
0.000000
0.000000
0.000000
0.000000
0.000000
0.000000
0.000000
0.000000
0.000000
0.000000
0.000000
0.000000
0.000000
0.000000
0.000000
0.000000
0.000000
0.000000
0.000000
0.000000
0.000000
0.000000
0.000000
0.000000
0.000000
0.000000
0.000000
0.000000
0.000000
0.003067
0.000000
0.000000
0.000000
0.000000
0.000000
0.000000
0.000000
0.000000
0.000000
0.000000
0.000000
0.000000
0.000000
0.000000
0.000000
0.000000
0.001316
0.001436
0.000000
0.000000
0.000000
0.000000
0.000000
0.000000
0.000000
0.000000
0.000000
0.000000
0.000000
0.000000
0.000000
0.000000
0.000000
0.000000
0.000000
0.000000
0.002215
0.000000
0.000000
0.000000
0.000000
0.000000
0.000000
0.000000
0.000000
0.000000
0.000000
0.000000
0.000000
0.000000
0.001449
0.000000
0.000000
0.000000
0.001442
0.000000
0.000000
0.000000
0.000000
0.000000
0.000000
0.000000
0.000000
0.001374
0.000000
0.000000
0.000000
0.000000
0.000000
0.000000
0.000000
0.000000
0.000000
0.000000
0.000000
0.000000
0.000000
0.000000
0.000000
0.001495
0.000000
0.000000
0.000000
0.000000
0.001809
0.000000
0.000000
0.000000
0.000000
0.000000
0.000000
0.000000
0.000000
0.001380
0.000000
0.000000
0.000000
0.000000
0.000000
0.000000
0.000000
0.000000
0.000000
0.000000
0.002051
0.000000
0.000000
0.000000
0.000000
0.001355
0.000000
0.002002
0.000000
0.000000
0.000000
0.000000
0.001375
0.001877
0.000000
0.000000
0.000000
0.000000
0.000000
0.001442
0.000000
0.000000
0.000000
0.000000
0.000000
0.000000
0.000000
0.000000
0.000000
0.000000
0.000000
0.000000
0.000000
0.000000
0.000000
0.000000
0.000000
0.000000
0.000000
0.000000
0.001366
0.000000
0.000000
0.002297
0.000000
0.000000
0.000000
0.000000
0.002560
0.000000
0.000000
0.000000
0.000000
0.000000
0.000000
0.000000
0.000000
0.000000
0.000000
0.000000
0.000000
0.000000
0.000000
0.000000
0.000000
0.000000
0.000000
0.000000
0.000000
0.000000
0.000000
0.000000
0.000000
0.000000
0.000000
0.002105
0.000000
0.000000
0.000000
0.000000
0.000000
0.000000
0.000000
0.000000
0.001965
0.000000
0.002240
0.000000
0.000000
0.000000
0.000000
0.000000
0.000000
0.000000
0.000000
0.000000
0.000000
0.000000
0.000000
0.000000
0.000000
0.000000
0.001595
0.000000
0.000000
0.000000
0.000000
0.000000
0.000000
0.000000
0.000000
0.000000
0.000000
0.000000
0.000000
0.002470
0.000000
0.000000
0.000000
0.000000
0.000000
0.000000
0.000000
0.000000
0.000000
0.000000
0.000000
0.000000
0.000000
0.000000
0.000000
0.000000
0.000000
0.000000
0.000000
0.001390
0.000000
0.000000
0.000000
0.000000
0.000000
0.000000
0.000000
0.000000
0.000000
0.000000
0.000000
0.000000
0.000000
0.002112
0.000000
0.000000
0.000000
0.000000
0.000000
0.000000
0.000000
0.000000
0.000000
0.000000
0.000000
0.000000
0.002899
0.000000
0.000000
0.000000
0.000000
0.000000
0.000000
0.000000
0.000000
0.000000
0.000000
0.000000
0.000000
0.000000
0.000000
0.000000
0.000000
0.000000
0.000000
0.001484
0.000000
0.000000
0.000000
0.000000
0.001803
0.000000
0.000000
0.000000
0.000000
0.000000
0.001507
0.000000
0.001661
0.001682
0.000000
0.000000
0.000000
0.000000
0.000000
0.000000
0.000000
0.000000
0.000000
0.000000
0.000000
0.000000
0.001323
0.000000
0.000000
0.000000
0.000000
0.000000
0.000000
0.000000
0.001551
0.000000
0.000000
0.000000
0.000000
0.000000
0.000000
0.000000
0.003187
0.000000
0.000000
0.000000
0.000000
0.000000
0.000000
0.000000
0.000000
0.000000
0.000000
0.000000
0.000000
0.000000
0.001929
0.001346
0.000000
0.000000
0.000000
0.000000
0.000000
0.000000
0.000000
0.000000
0.000000
0.000000
0.000000
0.000000
0.000000
0.000000
0.000000
0.000000
0.000000
0.002414
0.000000
0.000000
0.000000
0.000000
0.000000
0.000000
0.000000
0.000000
0.000000
0.000000
0.002160
0.000000
0.001819
0.001352
0.000000
0.002125
0.001424
0.000000
0.000000
0.000000
0.000000
0.000000
0.000000
0.000000
0.000000
0.000000
0.000000
0.000000
0.000000
0.000000
0.000000
0.000000
0.000000
0.000000
0.001591
0.001461
0.000000
0.000000
0.000000
0.000000
0.000000
0.002471
0.000000
0.000000
0.001706
0.000000
0.001736
0.000000
0.000000
0.000000
0.000000
0.000000
0.000000
0.000000
0.000000
0.000000
0.000000
0.000000
0.000000
0.001550
0.000000
0.001903
0.000000
0.000000
0.000000
0.001626
0.001602
0.000000
0.000000
0.001366
0.000000
0.001323
0.001387
0.000000
0.000000
0.000000
0.000000
0.000000
0.000000
0.000000
0.000000
0.000000
0.000000
0.000000
0.000000
0.001613
0.000000
0.000000
0.000000
0.000000
0.000000
0.000000
0.003609
0.000000
0.000000
0.002638
0.000000
0.000000
0.000000
0.001545
0.000000
0.000000
0.000000
0.000000
0.001502
0.000000
0.000000
0.000000
0.001489
0.001552
0.000000
0.002218
0.000000
0.000000
0.000000
0.000000
0.002953
0.000000
0.000000
0.000000
0.000000
0.000000
0.000000
0.000000
0.000000
0.000000
0.000000
0.001765
0.000000
0.001467
0.000000
0.000000
0.000000
0.001825
0.000000
0.000000
0.000000
0.000000
0.000000
0.002317
0.001424
0.000000
0.000000
0.000000
0.000000
0.000000
0.000000
0.000000
0.000000
0.000000
0.001711
0.000000
0.000000
0.000000
0.000000
0.000000
0.000000
0.000000
0.000000
0.000000
0.002455
0.000000
0.000000
0.000000
0.000000
0.000000
0.000000
0.000000
0.000000
0.000000
0.002794
0.000000
0.001421
0.000000
0.000000
0.000000
0.000000
0.000000
0.000000
0.000000
0.000000
0.000000
0.000000
0.000000
0.000000
0.000000
0.002366
0.000000
0.000000
0.000000
0.000000
0.001724
0.000000
0.000000
0.001955
0.000000
0.000000
0.000000
0.000000
0.000000
0.000000
0.000000
0.000000
0.000000
0.000000
0.002623
0.000000
0.001534
0.000000
0.000000
0.000000
0.000000
0.000000
0.000000
0.002510
0.000000
0.002199
0.000000
0.001390
0.000000
0.000000
0.000000
0.003988
0.000000
0.000000
0.000000
0.000000
0.000000
0.000000
0.000000
0.000000
0.000000
0.001597
0.000000
0.000000
0.000000
0.000000
0.001264
0.000000
0.000000
0.000000
0.000000
0.000000
0.000000
0.000000
0.000000
0.000000
0.000000
0.000000
0.001432
0.000000
0.000000
0.000000
0.000000
0.000000
0.002463
0.000000
0.001465
0.000000
0.001608
0.000000
0.000000
0.000000
0.000000
0.000000
0.000000
0.000000
0.000000
0.000000
0.000000
0.000000
0.000000
0.000000
0.000000
0.002262
0.000000
0.000000
0.000000
0.000000
0.000000
0.001450
0.000000
0.000000
0.000000
0.000000
0.001345
0.000000
0.001428
0.000000
0.000000
0.000000
0.001551
0.001284
0.000000
0.000000
0.000000
0.000000
0.000000
0.000000
0.000000
0.000000
0.000000
0.000000
0.000000
0.001924
0.000000
0.000000
0.000000
0.000000
0.000000
0.000000
0.000000
0.000000
0.000000
0.000000
0.000000
0.000000
0.000000
0.000000
0.000000
0.002163
0.000000
0.000000
0.000000
0.002275
0.000000
0.000000
0.001322
0.000000
0.000000
0.000000
0.000000
0.000000
0.000000
0.000000
0.000000
0.000000
0.000000
0.000000
0.000000
0.000000
0.000000
0.001514
0.000000
0.000000
0.000000
0.000000
0.000000
0.000000
0.000000
0.000000
0.000000
0.000000
0.000000
0.000000
0.000000
0.000000
0.000000
0.000000
0.001447
0.000000
0.000000
0.000000
0.000000
0.000000
0.001715
0.000000
0.000000
0.000000
0.000000
0.000000
0.000000
0.000000
0.001337
0.000000
0.000000
