0.001098
0.000000
0.000000
0.000000
0.000000
0.000000
0.000000
0.000000
0.000000
0.000000
0.000000
0.000000
0.000000
0.000000
0.000000
0.000000
0.000000
0.000000
0.000000
0.000000
0.001994
0.001992
0.000000
0.001868
0.000000
0.000000
0.000000
0.000000
0.000000
0.000000
0.001546
0.003131
0.000000
0.000000
0.000000
0.001175
0.000000
0.000000
0.001408
0.000000
0.000000
0.000000
0.000000
0.000000
0.000000
0.000000
0.000000
0.000000
0.000000
0.001239
0.000000
0.000000
0.000000
0.000000
0.000000
0.000000
0.000000
0.001213
0.000000
0.000000
0.000000
0.000000
0.002477
0.000000
0.000000
0.000000
0.000000
0.000000
0.000000
0.001490
0.000000
0.000000
0.001995
0.001357
0.001826
0.001740
0.000000
0.000000
0.001302
0.000000
0.000000
0.000989
0.000000
0.000000
0.000000
0.000000
0.001424
0.000000
0.000000
0.001103
0.000906
0.001580
0.000000
0.000000
0.000000
0.001537
0.000000
0.000000
0.000000
0.000000
0.001435
0.000000
0.000000
0.000000
0.000000
0.000000
0.000000
0.000000
0.000000
0.000961
0.000000
0.000000
0.000000
0.000000
0.000000
0.000909
0.000000
0.000916
0.000000
0.000000
0.000000
0.000000
0.000000
0.001335
0.000000
0.000000
0.000000
0.000000
0.000000
0.000890
0.000000
0.002145
0.000000
0.002010
0.000000
0.000000
0.000000
0.001602
0.000000
0.000000
0.000000
0.001325
0.000000
0.000000
0.000000
0.000000
0.000866
0.000000
0.000000
0.000926
0.000000
0.002383
0.000000
0.000000
0.000000
0.001238
0.000000
0.000000
0.000000
0.000000
0.000000
0.000000
0.000000
0.000000
0.000000
0.000000
0.000000
0.000000
0.000000
0.000000
0.000000
0.000000
0.000000
0.000000
0.000000
0.000000
0.000000
0.000000
0.000000
0.000000
0.000000
0.001301
0.000000
0.001703
0.000000
0.000000
0.000000
0.000000
0.000000
0.001401
0.000000
0.000000
0.000868
0.000000
0.000000
0.000000
0.000000
0.002459
0.000000
0.000000
0.000000
0.000000
0.000000
0.000000
0.001665
0.001122
0.000000
0.000888
0.000000
0.000000
0.000000
0.000000
0.000000
0.000000
0.000000
0.001315
0.000000
0.000000
0.000000
0.000000
0.000000
0.001032
0.000000
0.000000
0.000000
0.000000
0.001505
0.000000
0.000000
0.000000
0.000000
0.000000
0.001954
0.000000
0.000000
0.000000
0.000000
0.000000
0.000000
0.000000
0.000000
0.000000
0.000915
0.000000
0.001084
0.000000
0.000000
0.000000
0.000000
0.000000
0.000000
0.000000
0.002412
0.000000
0.001845
0.000000
0.000000
0.000000
0.000966
0.000921
0.000000
0.000000
0.000000
0.000000
0.001367
0.000000
0.000000
0.000000
0.000000
0.000000
0.000000
0.000000
0.000000
0.000000
0.000000
0.000000
0.000000
0.000000
0.000000
0.000000
0.000000
0.001519
0.000000
0.000000
0.000976
0.000000
0.000000
0.000000
0.000000
0.000000
0.001243
0.000000
0.000000
0.000000
0.000000
0.000000
0.000000
0.000000
0.000000
0.001284
0.002187
0.000000
0.000000
0.000000
0.001720
0.000000
0.000000
0.001106
0.000000
0.000000
0.000000
0.000000
0.000000
0.000000
0.001922
0.000000
0.000000
0.000000
0.000000
0.000000
0.000000
0.000000
0.000000
0.001214
0.000000
0.000000
0.000887
0.000000
0.000000
0.000000
0.000000
0.000000
0.000000
0.000000
0.001295
0.000000
0.000000
0.000000
0.000000
0.000000
0.000000
0.000000
0.000000
0.000000
0.000000
0.000000
0.000000
0.000000
0.000000
0.001309
0.000000
0.000000
0.000000
0.000000
0.001340
0.000000
0.000000
0.000000
0.000942
0.000000
0.000000
0.000000
0.000000
0.000000
0.000000
0.000000
0.001055
0.001655
0.000000
0.000000
0.000000
0.000978
0.000000
0.000000
0.000000
0.000000
0.000000
0.000000
0.000911
0.000000
0.000000
0.000000
0.000000
0.000000
0.001016
0.000000
0.001127
0.000000
0.000000
0.000000
0.000000
0.000000
0.000000
0.000000
0.000000
0.001079
0.000000
0.001265
0.000000
0.000000
0.000000
0.000000
0.000000
0.000000
0.000000
0.003027
0.001030
0.000000
0.000000
0.000000
0.001665
0.001108
0.000000
0.000000
0.000000
0.000000
0.000000
0.000000
0.000000
0.000000
0.000000
0.001112
0.000000
0.000000
0.002673
0.000000
0.000000
0.000000
0.000981
0.000000
0.000000
0.000000
0.000000
0.000000
0.000000
0.001218
0.000000
0.000000
0.000000
0.000000
0.000000
0.000000
0.000000
0.000000
0.000000
0.000000
0.000000
0.000000
0.000903
0.000000
0.001783
0.000000
0.000000
0.000000
0.000000
0.000000
0.000000
0.000000
0.000929
0.000000
0.000000
0.000000
0.000000
0.000000
0.000000
0.000000
0.001311
0.000000
0.000000
0.001364
0.000000
0.000000
0.000000
0.000950
0.002079
0.000000
0.001063
0.000000
0.000000
0.000000
0.000000
0.000000
0.000000
0.000000
0.000000
0.000000
0.000000
0.000000
0.000000
0.000000
0.001816
0.002104
0.000000
0.000000
0.000000
0.000000
0.000000
0.000000
0.000000
0.000000
0.000000
0.000000
0.000000
0.001126
0.000924
0.000000
0.001598
0.000000
0.000000
0.001522
0.000000
0.001707
0.000000
0.000000
0.000000
0.000000
0.000000
0.000000
0.000000
0.000000
0.001371
0.000000
0.000000
0.000000
0.001002
0.000000
0.001642
0.000000
0.000000
0.000000
0.000000
0.000000
0.000874
0.000000
0.001230
0.001438
0.000000
0.000000
0.000000
0.000000
0.000000
0.000000
0.000000
0.000000
0.000000
0.000000
0.000000
0.000000
0.000000
0.000000
0.000000
0.000000
0.000000
0.000000
0.000000
0.002555
0.000000
0.001070
0.000000
0.000000
0.000000
0.000000
0.000000
0.001273
0.000000
0.000000
0.001648
0.000000
0.000000
0.000000
0.000000
0.000000
0.000900
0.000000
0.000000
0.000000
0.000000
0.000000
0.000000
0.000000
0.000000
0.000000
0.000000
0.000894
0.000000
0.000000
0.000000
0.000000
0.000000
0.000000
0.002096
0.001819
0.001085
0.000000
0.000000
0.000000
0.001331
0.001004
0.000000
0.000000
0.000000
0.000000
0.000000
0.000000
0.000000
0.000000
0.000000
0.000000
0.000000
0.000000
0.000000
0.000000
0.000000
0.001415
0.000000
0.000992
0.000000
0.001398
0.000000
0.000000
0.000000
0.001338
0.000000
0.000000
0.000000
0.000000
0.000000
0.001025
0.000000
0.000000
0.000000
0.000000
0.000000
0.000000
0.000000
0.000000
0.001263
0.000000
0.000000
0.000000
0.001185
0.000000
0.000000
0.000000
0.000901
0.000000
0.000000
0.000000
0.000000
0.000000
0.000000
0.000000
0.000000
0.001265
0.001013
0.000000
0.000000
0.000000
0.000000
0.000000
0.000000
0.000000
0.000000
0.000000
0.000000
0.000000
0.000000
0.000000
0.000000
0.000000
0.000000
0.000000
0.001159
0.000000
0.000000
0.000000
0.000000
0.001067
0.000000
0.000000
0.002718
0.000000
0.000000
0.000000
0.000000
0.000000
0.000000
0.002030
0.001590
0.000965
0.000938
0.000000
0.000000
0.000000
0.000000
0.000000
0.000000
0.000000
0.000000
0.000000
0.000000
0.001121
0.001268
0.001584
0.000000
0.000000
0.001408
0.000000
0.001099
0.000000
0.000000
0.000000
0.000000
0.000000
0.000000
0.000000
0.000000
0.000000
0.000000
0.000000
0.000000
0.000000
0.000908
0.000000
0.000000
0.000000
0.000000
0.000000
0.000000
0.000000
0.000000
0.000000
0.001059
0.001114
0.000000
0.000000
0.000000
0.000000
0.000000
0.000000
0.001320
0.000000
0.000000
0.000000
0.000000
0.000000
0.001627
0.000000
0.000000
0.001548
0.000000
0.000000
0.000000
0.001320
0.000000
0.000000
0.000000
0.000000
0.000000
0.000000
0.000000
0.000000
0.000000
0.000000
0.000000
0.000000
0.000000
0.001375
0.000000
0.000000
0.001539
0.000000
0.000000
0.001208
0.001211
0.000000
0.000000
0.000000
0.000000
0.001335
0.000000
0.000000
0.000000
0.000000
0.000000
0.000000
0.000000
0.001361
0.000000
0.001385
0.000000
0.000927
0.000000
0.000000
0.001504
0.001250
0.000000
0.000000
0.000000
0.000000
0.000000
0.001057
0.000000
0.000000
0.000000
0.000944
0.000000
0.000000
0.000000
0.000000
0.000000
0.001179
0.001650
0.000000
0.000000
0.000000
0.000000
0.000000
0.000000
0.000000
0.002165
0.000000
0.000000
0.000000
0.000000
0.000000
0.000882
0.000000
0.002815
0.000000
0.000000
0.000000
0.000000
0.000000
0.000000
0.001924
0.000000
0.000000
0.000000
0.000924
0.000000
0.000000
0.000000
0.000000
0.000000
0.000000
0.000000
0.000000
0.000000
0.000000
0.000000
0.001488
0.000000
0.000000
0.000000
0.000000
0.000000
0.000000
0.001965
0.000000
0.000000
0.000000
0.000000
0.000000
0.000000
0.000000
0.000000
0.000000
0.000000
0.000000
0.000000
0.000000
0.000000
0.000000
0.000000
0.001314
0.000000
0.000000
0.000000
0.001458
0.000000
0.000000
0.000000
0.000000
0.001191
0.000000
0.000000
0.000000
0.000000
0.001615
0.000000
0.000000
0.000000
0.000000
0.000000
0.000000
0.001391
0.000000
0.000000
0.000000
0.000000
0.000000
0.000000
0.000000
0.000885
0.000000
0.000000
0.000000
0.000000
0.000000
0.001511
0.000000
0.000000
0.001285
0.000000
0.000000
0.000000
0.000000
0.000000
0.000000
0.000000
0.000000
0.001582
0.000000
0.000000
0.000000
0.001300
0.000000
0.002702
0.001103
0.000000
0.000000
0.000000
0.000959
0.000000
0.000000
0.000000
0.000000
0.000000
0.001722
0.000000
0.000000
0.000000
0.001559
0.000000
0.000971
0.000000
0.000000
0.001029
0.000000
0.000000
0.000000
0.000000
0.002569
0.000000
0.000000
0.000000
0.000000
0.000000
0.000000
0.000000
0.001016
0.001774
0.002291
0.002594
0.000000
0.000000
0.000000
0.000000
0.000000
0.000000
0.000000
0.001316
0.000000
0.001102
0.000000
0.000000
0.000000
0.002251
0.000000
0.000000
0.000000
0.000000
0.000000
0.000000
0.000000
0.000000
0.000000
0.000886
0.000000
0.040511
0.002230
0.000000
0.000000
0.000978
0.000000
0.000000
0.000000
0.000000
0.000000
0.000000
0.000000
0.000000
0.000000
0.000000
0.000000
0.000000
0.000000
0.001178
0.000000
0.001262
0.000000
0.000000
0.000000
0.000000
0.000000
0.000000
0.000000
0.000000
0.000000
0.000000
0.000000
0.000000
0.000000
0.000000
0.000000
0.000000
0.000000
0.000000
0.001990
0.000000
0.000996
0.000000
0.000000
0.000000
0.000000
0.001456
0.000000
0.000986
0.000000
0.000000
0.000000
0.000914
0.000000
0.001524
0.002234
0.000000
0.000000
0.001464
0.000000
0.000000
0.000000
0.000000
0.000873
0.000000
0.000000
0.000000
0.000000
0.000000
0.000000
0.000000
0.000000
0.002332
0.000000
0.001155
0.000000
0.000000
0.000000
0.001136
0.000964
0.000000
0.000000
0.000000
0.000000
0.001150
0.000000
0.001275
0.000000
0.000000
0.000920
0.002129
0.000000
0.000000
0.001026
0.000000
0.000000
0.000000
0.000000
0.000000
0.000000
0.000000
0.000000
0.000000
0.000000
0.000000
0.000000
0.000000
0.001528
0.000000
0.000000
0.000000
0.000000
0.000000
0.000000
0.000929
0.000000
0.001604
0.000894
0.000000
0.000000
0.000000
0.000000
0.000903
0.000000
0.001637
0.000000
0.000000
0.001837
0.000000
0.000000
0.000000
0.000000
0.000000
0.000000
0.000000
0.000993
0.000000
0.000000
0.000000
0.000000
0.000000
0.000000
0.002287
0.000000
0.000000
0.000000
0.000000
0.001640
0.000000
0.000000
0.000000
0.000000
0.000000
0.000000
0.000984
0.000000
0.000000
0.000000
0.000000
0.000000
0.001842
0.000912
0.000000
0.000000
0.000000
0.000000
0.002336
0.000000
0.000000
0.000000
0.000987
0.000000
0.000000
0.000000
0.000000
0.000000
0.000000
0.000000
0.000000
0.000000
0.000000
0.000000
0.000000
0.000000
0.000000
0.000000
0.000000
0.001077
0.001721
0.001471
0.000000
0.000000
0.000000
0.000000
0.000000
0.000000
0.000000
0.000000
0.000000
0.001030
0.000000
0.000000
0.000000
0.001804
0.000000
0.000000
0.000000
0.000000
0.000000
0.000000
0.000000
0.000000
0.000000
0.001378
0.000000
0.000000
0.000000
0.000000
0.000000
0.000000
0.000000
0.000000
0.000000
0.000000
0.000000
0.000000
0.000000
0.001539
0.000929
0.000000
0.000000
0.000000
0.000000
0.000000
0.000000
0.000914
0.000000
0.001245
0.000000
0.000000
0.000000
0.000000
0.000000
0.000000
0.000000
0.001701
0.000000
0.000000
0.000000
0.000000
0.000000
0.000000
0.000000
0.000000
0.000000
0.000000
0.000875
0.000000
0.000000
0.000000
0.001194
0.001354
0.000000
0.000000
0.000951
0.000000
0.000000
0.000000
0.000000
0.001232
0.000000
0.000000
0.000000
0.000000
0.001450
0.000000
0.000000
0.000000
0.000000
0.000889
0.000000
0.000000
0.000000
0.000000
0.000000
0.000000
0.000000
0.001687
0.000000
0.000000
0.000000
0.000000
0.000000
0.000000
0.000000
0.000000
0.000000
0.000000
0.000000
0.000000
0.000000
0.000000
0.000000
0.000000
0.000000
0.001096
0.000000
0.000000
0.001919
0.000000
0.000000
0.000000
0.002098
0.000000
0.000000
0.000000
0.000000
0.000000
0.001762
0.000000
0.000000
0.000000
0.000000
0.000000
0.001112
0.000000
0.000000
0.000000
0.000000
0.001001
0.001793
0.000000
0.000000
0.000000
0.000920
0.000000
0.000000
0.000000
0.000918
0.000000
0.001189
0.000000
0.000000
0.000000
0.001602
0.001384
0.000000
0.000000
0.001977
0.000900
0.000000
0.000000
0.000000
0.000000
0.000000
0.000000
0.000941
0.000000
0.000000
0.000000
0.002141
0.000000
0.000000
0.000000
0.000000
0.000000
0.000893
0.000000
0.000000
0.000000
0.001321
0.000000
0.000000
0.000000
0.000000
0.000000
0.000000
0.000000
0.000000
0.000000
0.000000
0.001161
0.000000
0.000000
0.000000
0.000000
0.002626
0.000000
0.001667
0.000000
0.000000
0.000000
0.000000
0.000000
0.000000
0.000000
0.000000
0.000000
0.000000
0.001126
0.000000
0.000000
0.000000
0.000938
0.000000
0.000942
0.000000
0.000000
0.000000
0.000000
0.000000
0.001080
0.001003
0.000000
0.000000
0.001190
0.000000
0.000000
0.001527
0.000000
0.000000
0.000000
0.000000
0.000000
0.000000
0.000000
0.000000
0.000000
0.000000
0.000000
0.000000
0.000000
0.000000
0.000000
0.000000
0.000000
0.000000
0.000000
0.000000
0.000000
0.000000
0.000000
0.000000
0.000000
0.000000
0.000000
0.000000
0.000000
0.000000
0.000000
0.000000
0.000000
0.000000
0.000000
0.000000
0.000000
0.001587
0.000000
0.000000
0.001070
0.000000
0.000000
0.000000
0.000000
0.000000
0.000000
0.000000
0.001118
0.000000
0.000000
0.000000
0.000000
0.001136
0.000000
0.000000
0.000000
0.000000
0.000000
0.001113
0.000000
0.000000
0.000000
0.000000
0.000000
0.000000
0.000000
0.000000
0.000000
0.000000
0.000000
0.000000
0.000000
0.000000
0.000000
0.000000
0.000000
0.001847
0.000000
0.000000
0.000000
0.000000
0.000000
0.000000
0.000000
0.000000
0.000000
0.000000
0.000000
0.000000
0.000000
0.000971
0.001114
0.000000
0.000000
0.002299
0.000000
0.000000
0.000000
0.000000
0.000000
0.000000
0.000000
0.001036
0.000000
0.000000
0.000904
0.000000
0.000000
0.000000
0.000000
0.000000
0.000000
0.000000
0.000000
0.000000
0.001954
0.000000
0.000000
0.000000
0.000000
0.000000
0.000000
0.000000
0.000000
0.000000
0.000961
0.000000
0.000000
0.000000
0.000000
0.000000
0.000000
0.000000
0.000000
0.000000
0.000000
0.000000
0.000000
0.001447
0.000000
0.000000
0.000000
0.000000
0.000000
0.000000
0.000000
0.001236
0.001271
0.000000
0.000000
0.000000
0.000000
0.000000
0.000000
0.000000
0.000000
0.000000
0.000000
0.000000
0.000000
0.000000
0.000000
0.000000
0.000000
0.000000
0.000000
0.000000
0.001849
0.000000
0.000000
0.000000
0.000000
0.000000
0.001432
0.000000
0.000000
0.000000
0.000000
0.000000
0.000000
0.000000
0.000000
0.000000
0.000000
0.000994
0.000000
0.000000
0.000000
0.000000
0.000000
0.000000
0.000000
0.000000
0.001570
0.000000
0.001246
0.000000
0.001924
0.000000
0.000000
0.000000
0.000000
0.001703
0.000000
0.000000
0.000000
0.000000
0.001171
0.000000
0.000000
0.000000
0.000000
0.000000
0.001215
0.001122
0.000000
0.000000
0.000000
0.000000
0.001274
0.000000
0.000000
0.000000
0.000000
0.002099
0.000000
0.000000
0.000000
0.000000
0.000000
0.000000
0.000000
0.000000
0.000000
0.000000
0.000000
0.000000
0.000000
0.000888
0.000000
0.000000
0.000000
0.000000
0.000000
0.001089
0.000000
0.000000
0.000000
0.000000
0.000000
0.000000
0.000000
0.000000
0.000000
0.000000
0.000000
0.000000
0.000000
0.000000
0.000000
0.000000
0.000000
0.000000
0.000000
0.000000
0.000000
0.000000
0.000000
0.000000
0.000000
0.000000
0.000000
0.000000
0.000000
0.000000
0.000000
0.000000
0.000000
0.000000
0.001574
0.000000
0.000000
0.000000
0.000000
0.000000
0.000868
0.001629
0.000000
0.000000
0.000000
0.000000
0.000000
0.000000
0.000000
0.000000
0.001137
0.000949
0.000000
0.000000
0.000000
0.000000
0.000000
0.000000
0.000000
0.001188
0.000000
0.000000
0.000000
0.000000
0.000000
0.000000
0.001044
0.001311
0.000000
0.000000
0.000000
0.000000
0.000000
0.000000
0.000000
0.000000
0.001682
0.000000
0.001227
0.000000
0.000000
0.000000
0.001092
0.000000
0.000000
0.000000
0.000000
0.000000
0.000000
0.000000
0.000000
0.000000
0.000000
0.000000
0.001436
0.000000
0.000000
0.000000
0.000000
0.000000
0.000000
0.000000
0.000000
0.000000
0.000000
0.000000
0.000000
0.000000
0.000000
0.000000
0.000000
0.000000
0.000000
0.001398
0.000000
0.001300
0.000000
0.000000
0.000000
0.000000
0.001133
0.000000
0.000000
0.000000
0.000000
0.000000
0.000000
0.000000
0.000000
0.000000
0.000000
0.000000
0.000000
0.000000
0.000000
0.001000
0.000000
0.000000
0.000000
0.000000
0.000000
0.001141
0.000000
0.000000
0.000000
0.000000
0.000000
0.000000
0.000000
0.000000
0.000000
0.000000
0.001330
0.000000
0.000000
0.000000
0.000000
0.000000
0.000000
0.000000
0.000000
0.000000
0.000000
0.000000
0.001025
0.001025
0.000000
0.001057
0.000000
0.000000
0.000000
0.000000
0.000000
0.000000
0.000000
0.000000
0.000000
0.000000
0.000000
0.000000
0.000000
0.000000
0.000000
0.000901
0.000000
0.001586
0.000000
0.000000
0.000000
0.000000
0.000000
0.000000
0.000000
0.000000
0.000000
0.001142
0.000000
0.000000
0.000000
0.000000
0.000000
0.000000
0.000000
0.001118
0.000000
0.001120
0.001829
0.000000
0.000000
0.000000
0.000000
0.000000
0.000000
0.000000
0.001033
0.002596
0.000000
0.000000
0.000000
0.000000
0.000000
0.000000
0.000000
0.000000
0.000000
0.000000
0.000000
0.000000
0.000000
0.000000
0.001107
0.001560
0.000000
0.002180
0.000000
0.000000
0.000000
0.000000
0.000000
0.001131
0.000000
0.000000
0.002152
0.000000
0.001238
0.000000
0.000993
0.000000
0.001371
0.000000
0.000000
0.000000
0.000000
0.000000
0.000000
0.000000
0.000000
0.000000
0.000000
0.000000
0.000000
0.001068
0.000000
0.000000
0.000000
0.000000
0.000000
0.000000
0.000000
0.000000
0.000000
0.000000
0.000000
0.000000
0.000000
0.000000
0.001941
0.000000
0.000889
0.000000
0.000000
0.000000
0.000000
0.000000
0.001693
0.000000
0.000943
0.000000
0.000000
0.000000
0.000000
0.000000
0.001855
0.000000
0.000000
0.000000
0.000000
0.000000
0.000000
0.000000
0.000000
0.000971
0.001453
0.000000
0.000000
0.000000
0.000000
0.000000
0.000000
0.001212
0.001036
0.000000
0.000000
0.000000
0.000000
0.001769
0.001178
0.000000
0.000000
0.000000
0.000000
0.000000
0.000000
0.000000
0.001133
0.000000
0.000000
0.001688
0.000000
0.000000
0.000000
0.000880
0.000000
0.001150
0.000000
0.000000
0.000000
0.000000
0.000972
0.000992
0.000000
0.000000
0.000000
0.000000
0.000000
0.000000
0.000000
0.000000
0.000000
0.000000
0.000000
0.000000
0.000000
0.000000
0.000000
0.000000
0.001931
0.000000
0.000000
0.000000
0.000000
0.000000
0.000000
0.000000
0.000000
0.000000
0.001096
0.000000
0.000000
0.000000
0.000000
0.000000
0.001114
0.000935
0.000000
0.000980
0.000000
0.000935
0.000000
0.000953
0.000000
0.002182
0.000000
0.000000
0.000897
0.000000
0.000000
0.000000
0.000000
0.000000
0.000000
0.000000
0.000000
0.000928
0.000000
0.000000
0.000000
0.000000
0.000000
0.000000
0.000000
0.000000
0.000000
0.000000
0.000000
0.000000
0.000000
0.000000
0.000000
0.000000
0.000000
0.000000
0.000000
0.001039
0.000000
0.000000
0.002545
0.000000
0.001075
0.001755
0.000000
0.000000
0.000000
0.002449
0.000000
0.000957
0.000000
0.000000
0.000000
0.002235
0.000000
0.000000
0.000000
0.001973
0.000000
0.000000
0.001736
0.000000
0.000000
0.000000
0.000000
0.000000
0.001065
0.000000
0.000000
0.000000
0.000000
0.000000
0.000000
0.001733
0.000000
0.000000
0.000000
0.000000
0.000000
0.000000
0.001483
0.000000
0.000000
0.000000
0.001093
0.000000
0.000000
0.000000
0.000000
0.000000
0.000000
0.000889
0.000000
0.000000
0.000000
0.000000
0.000000
0.001541
0.000000
0.000000
0.000000
0.000000
0.000000
0.000000
0.001979
0.000000
0.000000
0.001349
0.000000
0.001033
0.000000
0.000000
0.000000
0.000000
0.000000
0.000868
0.000000
0.000000
0.000000
0.000000
0.000000
0.000000
0.000000
0.000933
0.001525
0.000000
0.000000
0.000000
0.000000
0.000000
0.000000
0.000000
0.000000
0.000000
0.000000
0.000000
0.001279
0.000000
0.000000
0.000000
0.000897
0.000000
0.000000
0.000000
0.000000
0.000000
0.000000
0.000000
0.000000
0.000000
0.000000
0.000000
0.000000
0.000000
0.000000
0.000000
0.000000
0.000000
0.000000
0.001188
0.000000
0.002235
0.000000
0.000000
0.000000
0.000000
0.000000
0.000000
0.001212
0.000000
0.000000
0.001624
0.000000
0.000000
0.000000
0.000000
0.000000
0.000000
0.000000
0.000000
0.000000
0.001710
0.000000
0.000000
0.001753
0.000000
0.000000
0.000000
0.001520
0.000000
0.000000
0.000000
0.000000
0.000000
0.000000
0.000000
0.000000
0.000000
0.000000
0.000000
0.001911
0.000000
0.000000
0.000000
0.000000
0.000000
0.000000
0.000000
0.001450
0.000000
0.000000
0.000000
0.001398
0.000000
0.000000
0.000000
0.000000
0.000000
0.000000
0.000000
0.000000
0.000000
0.000000
0.000000
0.000000
0.000000
0.000000
0.000000
0.000000
0.000000
0.000000
0.000000
0.001667
0.000000
0.001265
0.000000
0.000000
0.000000
0.000000
0.000000
0.001447
0.000000
0.000000
0.000000
0.000000
0.000000
0.000000
0.000000
0.000000
0.000000
0.000000
0.000000
0.001076
0.000000
0.000000
0.000000
0.000000
0.000000
0.000000
0.000000
0.000000
0.001208
0.000000
0.000000
0.000910
0.001142
0.000000
0.001209
0.000000
0.000000
0.000000
0.000000
0.000000
0.000000
0.000000
0.000000
0.000000
0.000000
0.000000
0.001232
0.001294
0.000000
0.001080
0.000000
0.000000
0.000000
0.000000
0.000000
0.000000
0.001128
0.001092
0.000000
0.002464
0.000000
0.000000
0.000000
0.000000
0.000000
0.000000
0.000000
0.000000
0.000948
0.000000
0.000000
0.000000
0.000000
0.000883
0.000000
0.001766
0.000000
0.000000
0.000000
0.000000
0.000000
0.000000
0.000000
0.000000
0.000000
0.000000
0.000000
0.000000
0.000919
0.000000
0.001371
0.000000
0.000000
0.000000
0.000000
0.000000
0.001296
0.000000
0.000000
0.000000
0.000000
0.000000
0.001781
0.000000
0.000000
0.000000
0.000000
0.000000
0.000000
0.000000
0.000000
0.000000
0.000000
0.000000
0.001085
0.000000
0.000000
0.000000
0.000000
0.000000
0.000000
0.000000
0.000000
0.000000
0.000000
0.000000
0.000000
0.000000
0.000000
0.000000
0.000000
0.000000
0.000000
0.000000
0.000000
0.000000
0.000000
0.000000
0.000000
0.000000
0.000000
0.000000
0.000000
0.000000
0.000000
0.000000
0.000000
0.000000
0.000000
0.000000
0.000000
0.000000
0.000000
0.000954
0.000000
0.000000
0.000000
0.000000
0.001018
0.000000
0.000000
0.000000
0.000000
0.000000
0.000000
0.000000
0.001096
0.000000
0.000000
0.000000
0.000000
0.000000
0.000000
0.000000
0.000000
0.000000
0.001441
0.000000
0.000000
0.001013
0.000000
0.000000
0.000000
0.000000
0.000000
0.000000
0.000000
0.000000
0.000000
0.000000
0.000969
0.001755
0.001973
0.000000
0.001153
0.000000
0.000000
0.000000
0.000000
0.000000
0.000000
0.000000
0.001577
0.000865
0.000000
0.000000
0.000000
0.001649
0.001722
0.000000
0.000000
0.000000
0.000000
0.000000
0.000000
0.000000
0.000000
0.001034
0.000000
0.000000
0.000000
0.001536
0.000000
0.000000
0.000000
0.000000
0.000000
0.000000
0.000941
0.000000
0.001135
0.000000
0.000000
0.000000
0.000000
0.000000
0.000000
0.000000
0.000000
0.000000
0.000000
0.000000
0.000000
0.000000
0.000000
0.000000
0.000000
0.000000
0.001592
0.000000
0.000000
0.000000
0.000000
0.000000
0.000000
0.000000
0.000000
0.001886
0.000988
0.000000
0.001641
0.000000
0.000000
0.001611
0.000000
0.000000
0.000000
0.000000
0.001272
0.000000
0.000000
0.001798
0.000000
0.000926
0.000000
0.000000
0.000975
0.000000
0.000000
0.001063
0.000000
0.000000
0.000942
0.000000
0.000000
0.000000
0.000000
0.000000
0.000000
0.000000
0.000000
0.000000
0.000000
0.000000
0.000000
0.000000
0.000000
0.000910
0.000000
0.002459
0.000000
0.000000
0.000000
0.000000
0.000000
0.000891
0.000000
0.000000
0.000000
0.000000
0.000000
0.000000
0.000000
0.000000
0.000000
0.000000
0.000000
0.000000
0.000000
0.000000
0.000000
0.000000
0.000000
0.000000
0.000000
0.000000
0.000000
0.000000
0.001351
0.000000
0.000000
0.001498
0.001874
0.000000
0.000000
0.000000
0.000000
0.000000
0.001116
0.001574
0.001406
0.001678
0.000000
0.000000
0.001247
0.000000
0.000000
0.000000
0.000000
0.000000
0.000000
0.000000
0.000000
0.001800
0.000000
0.000000
0.000000
0.000000
0.001250
0.000000
0.000000
0.000000
0.000000
0.000000
0.000000
0.000000
0.000000
0.000000
0.000000
0.000000
0.000000
0.001702
0.000000
0.000000
0.000000
0.000000
0.000000
0.000000
0.000000
0.001030
0.000000
0.000000
0.000000
0.000000
0.000000
0.000000
0.000986
0.000000
0.000000
0.000000
0.000000
0.000000
0.000000
0.000000
0.000000
0.000000
0.000000
0.000000
0.000000
0.001412
0.000000
0.000000
0.000000
0.000000
0.000000
0.000000
0.000914
0.000000
0.000000
0.000000
0.001466
0.000000
0.000000
0.000000
0.000000
0.000000
0.000000
0.000000
0.000000
0.000000
0.000000
0.000000
0.000000
0.000000
0.000000
0.000000
0.000000
0.000000
0.000000
0.000000
0.000000
0.000000
0.001503
0.000000
0.000000
0.000000
0.000000
0.000000
0.000000
0.000000
0.000000
0.000000
0.000000
0.000000
0.000000
0.000000
0.001739
0.001006
0.000000
0.000000
0.000000
0.000000
0.000000
0.000000
0.000000
0.000000
0.001456
0.000913
0.000000
0.000000
0.001471
0.000000
0.000000
0.000000
0.000993
0.000000
0.000000
0.000000
0.001912
0.000000
0.000000
0.000000
0.000000
0.000000
0.000000
0.001097
0.000000
0.001776
0.000000
0.000000
0.000000
0.000000
0.000000
0.001157
0.001131
0.000000
0.000000
0.003803
0.000000
0.001224
0.001008
0.000000
0.000000
0.001630
0.000000
0.000000
0.000000
0.000000
0.000000
0.000000
0.000000
0.000000
0.001696
0.000000
0.001500
0.000000
0.000000
0.000000
0.001557
0.000914
0.000000
0.000000
0.000000
0.000000
0.000000
0.000000
0.001079
0.000000
0.001632
0.000000
0.001044
0.000000
0.000000
0.000000
0.000000
0.000000
0.000000
0.001524
0.000962
0.000000
0.000000
0.000000
0.000000
0.000000
0.000000
0.000000
0.000000
0.000000
0.000000
0.000000
0.000000
0.000000
0.000000
0.000000
0.001133
0.000000
0.000000
0.000000
0.000000
0.000000
0.000000
0.000000
0.000000
0.000000
0.000000
0.000000
0.000000
0.000000
0.000000
0.000000
0.000000
0.000000
0.000000
0.000000
0.000000
0.001113
0.000000
0.000000
0.001577
0.000000
0.000000
0.000900
0.000000
0.000000
0.001491
0.000000
0.000000
0.000000
0.000000
0.000000
0.000000
0.000000
0.000000
0.000000
0.000000
0.000000
0.000000
0.000000
0.000000
0.000000
0.000000
0.000000
0.000000
0.000000
0.000000
0.000000
0.000000
0.000000
0.000000
0.000000
0.000000
0.000000
0.000897
0.000000
0.000000
0.000000
0.000000
0.000000
0.000000
0.001803
0.000000
0.000000
0.000000
0.000000
0.000000
0.000000
0.001063
0.000000
0.000000
0.000000
0.000000
0.001451
0.000000
0.000000
0.000000
0.000000
0.000000
0.000000
0.000000
0.000000
0.000000
0.001365
0.000000
0.000000
0.000000
0.000000
0.000000
0.000000
0.000000
0.001262
0.001298
0.000000
0.001335
0.000000
0.000000
0.000000
0.000000
0.000000
0.000000
0.000000
0.000000
0.000000
0.000000
0.000000
0.000000
0.000971
0.000000
0.000000
0.000000
0.000000
0.000000
0.000000
0.000000
0.000000
0.000000
0.000000
0.000000
0.000000
0.001023
0.000000
0.000000
0.001100
0.000000
0.000000
0.000000
0.000000
0.000000
0.000000
0.000000
0.000000
0.000000
0.000957
0.000000
0.000000
0.000000
0.000000
0.000000
0.001497
0.000000
0.000000
0.000000
0.000000
0.000000
0.000000
0.000000
0.000000
0.000000
0.000000
0.000000
0.000000
0.000000
0.000000
0.000000
0.000000
0.001414
0.001177
0.000990
0.000000
0.000000
0.000000
0.000000
0.000000
0.000000
0.000000
0.000000
0.000000
0.000000
0.001043
0.000000
0.000000
0.000985
0.000000
0.000000
0.000000
0.001622
0.000000
0.000000
0.000000
0.000000
0.000000
0.000000
0.000000
0.000000
0.001034
0.000000
0.000000
0.000000
0.000000
0.001504
0.000000
0.002252
0.000000
0.000000
0.000000
0.000000
0.000000
0.000000
0.000000
0.000000
0.001012
0.000000
0.000962
0.000000
0.001315
0.000000
0.001129
0.000000
0.000000
0.000000
0.000000
0.001145
0.000000
0.000000
0.000000
0.000000
0.000000
0.000000
0.000000
0.000000
0.002559
0.000000
0.001186
0.000973
0.000000
0.000000
0.000000
0.001291
0.000992
0.000000
0.000000
0.001135
0.000000
0.000000
0.000000
0.000000
0.000000
0.000000
0.000000
0.000000
0.000000
0.000000
0.000000
0.000000
0.000000
0.000000
0.000000
0.000000
0.000000
0.000000
0.000000
0.000000
0.000000
0.000000
0.000000
0.000000
0.000000
0.000000
0.000930
0.000000
0.000000
0.000000
0.001363
0.000000
0.000000
0.000000
0.000000
0.000000
0.000000
0.000992
0.000000
0.000000
0.000000
0.000000
0.000000
0.001003
0.000000
0.000000
0.000000
0.000000
0.000000
0.000000
0.000000
0.000000
0.000000
0.000000
0.000965
0.000000
0.000000
0.002023
0.000000
0.001640
0.000000
0.000000
0.000000
0.000000
0.001013
0.000000
0.000000
0.000000
0.001265
0.000921
0.000000
0.001250
0.000000
0.000915
0.001733
0.001466
0.000000
0.000000
0.000943
0.000000
0.001751
0.001410
0.000000
0.000000
0.000000
0.000000
0.000000
0.000000
0.002464
0.000000
0.000000
0.000000
0.000000
0.000000
0.000000
0.000000
0.000000
0.001462
0.000000
0.000000
0.000000
0.000000
0.000917
0.000000
0.000000
0.000000
0.000000
0.000000
0.000000
0.000000
0.000000
0.000000
0.000869
0.000000
0.001251
0.000000
0.000000
0.000938
0.000000
0.000000
0.000000
0.000000
0.000000
0.000000
0.002131
0.000000
0.000000
0.000000
0.001660
0.001737
0.000000
0.000000
0.000000
0.000000
0.000000
0.000000
0.000000
0.002159
0.000000
0.000000
0.000000
0.001288
0.000000
0.000000
0.000000
0.000000
0.000000
0.000000
0.000000
0.000000
0.000000
0.000000
0.000000
0.000000
0.000994
0.000000
0.000000
0.000000
0.000000
0.000000
0.000000
0.000000
0.000000
0.000000
0.000000
0.000000
0.002044
0.000000
0.000000
0.001487
0.000000
0.001753
0.000000
0.000000
0.000000
0.000000
0.000000
0.000000
0.000000
0.000000
0.000000
0.000000
0.001531
0.000000
0.000000
0.000000
0.000000
0.000000
0.000000
0.000000
0.000000
0.000000
0.000000
0.001177
0.000000
0.000000
0.000000
0.000000
0.000000
0.001404
0.000000
0.000000
0.000000
0.000000
0.001015
0.000000
0.000000
0.001006
0.000879
0.000000
0.000000
0.001172
0.000000
0.000000
0.000000
0.000000
0.002682
0.000000
0.000000
0.000000
0.000000
0.000000
0.000000
0.000000
0.000000
0.001390
0.000000
0.000000
0.000000
0.000000
0.000000
0.001091
0.000000
0.000000
0.000000
0.001158
0.000000
0.000958
0.000000
0.001038
0.000000
0.000000
0.000908
0.000000
0.000000
0.000000
0.000000
0.000000
0.000000
0.000000
0.000000
0.000000
0.000000
0.000000
0.000000
0.000000
0.000000
0.000000
0.000000
0.001210
0.000000
0.001629
0.000000
0.000000
0.000000
0.001139
0.000000
0.000000
0.001416
0.000000
0.000000
0.000000
0.001011
0.000000
0.001987
0.000000
0.000000
0.000000
0.000000
0.000000
0.000000
0.001511
0.000000
0.000000
0.000000
0.000000
0.000000
0.001418
0.000000
0.000000
0.000000
0.000000
0.000000
0.000000
0.000000
0.000000
0.000000
0.002051
0.000000
0.000000
0.000000
0.000000
0.001353
0.000000
0.000000
0.000000
0.000000
0.000000
0.000000
0.000000
0.000000
0.000000
0.000000
0.001841
0.000000
0.000000
0.000000
0.000000
0.000000
0.000000
0.000000
0.000000
0.000000
0.000000
0.000000
0.000000
0.000000
0.000000
0.000000
0.000000
0.000000
0.000000
0.001657
0.001036
0.000000
0.000000
0.000926
0.000000
0.000000
0.001350
0.000000
0.000000
0.001386
0.000000
0.000000
0.000000
0.000000
0.000000
0.000000
0.001721
0.000000
0.000000
0.001280
0.000000
0.000000
0.000000
0.000000
0.000875
0.000000
0.000000
0.000000
0.001385
0.000000
0.000000
0.000000
0.000000
0.000000
0.002063
0.001085
0.000000
0.000924
0.000000
0.000000
0.002373
0.000000
0.000000
0.000000
0.000000
0.000000
0.000000
0.000000
0.001009
0.000000
0.000000
0.001240
0.000000
0.001596
0.000000
0.000980
0.000000
0.000000
0.001956
0.001467
0.001425
0.000000
0.000000
0.000000
0.000000
0.000000
0.000000
0.000000
0.000000
0.000000
0.000000
0.000000
0.001320
0.000000
0.001043
0.000000
0.000000
0.001222
0.001568
0.000000
0.000000
0.000000
0.001349
0.001234
0.000000
0.000000
0.000000
0.000000
0.000000
0.000000
0.000000
0.000000
0.000000
0.000000
0.000000
0.001418
0.001354
0.000000
0.000000
0.001164
0.000977
0.000000
0.000000
0.001623
0.000000
0.000000
0.000000
0.000000
0.000000
0.000000
0.000000
0.000963
0.000000
0.000000
0.000000
0.000000
0.000000
0.000000
0.000000
0.000000
0.000000
0.000000
0.000000
0.000000
0.000000
0.000000
0.000000
0.000000
0.000000
0.000000
0.000000
0.002112
0.000000
0.000000
0.000000
0.001464
0.000997
0.000000
0.000000
0.000000
0.001022
0.000000
0.001628
0.000000
0.000000
0.000000
0.000000
0.000000
0.001657
0.000000
0.000000
0.001060
0.000000
0.000000
0.000000
0.000000
0.000000
0.000000
0.001941
0.000000
0.000000
0.000000
0.000000
0.000000
0.000000
0.000000
0.000000
0.000000
0.002136
0.000000
0.001384
0.000000
0.000000
0.000000
0.000000
0.000000
0.000000
0.000880
0.000000
0.000000
0.000000
0.001258
0.000000
0.001330
0.000000
0.000000
0.001114
0.000000
0.000000
0.000000
0.000000
0.000000
0.000000
0.000000
0.000000
0.000000
0.001093
0.000000
0.000000
0.002518
0.000000
0.000000
0.001017
0.000000
0.000000
0.001070
0.000000
0.000000
0.000000
0.000000
0.000000
0.000000
0.000000
0.000000
0.000000
0.000000
0.000000
0.001011
0.000000
0.000000
0.000000
0.000000
0.000000
0.001243
0.000000
0.001787
0.000000
0.000000
0.000000
0.000000
0.000000
0.000000
0.000000
0.000000
0.000000
0.000000
0.001253
0.000000
0.000000
0.000000
0.000000
0.000000
0.000000
0.001087
0.000000
0.000893
0.000000
0.000000
0.000000
0.000000
0.000000
0.000000
0.000000
0.000000
0.000000
0.000000
0.000000
0.000000
0.000000
0.000000
0.001360
0.000000
0.000000
0.000000
0.000000
0.000000
0.000000
0.000000
0.000925
0.000000
0.000000
0.000000
0.000000
0.000000
0.001325
0.000951
0.000869
0.000000
0.000000
0.000000
0.000000
0.000000
0.000000
0.000000
0.001477
0.000000
0.000000
0.000000
0.000000
0.000000
0.000000
0.000000
0.000000
0.000000
0.000000
0.000000
0.000887
0.000000
0.000000
0.000000
0.000000
0.002124
0.000000
0.000000
0.001135
0.000000
0.000000
0.000000
0.000000
0.000000
0.000000
0.000000
0.000000
0.000000
0.001138
0.000000
0.000000
0.000973
0.000000
0.000000
0.000000
0.001085
0.001165
0.001556
0.000000
0.001280
0.001092
0.000000
0.000000
0.000000
0.000000
0.001271
0.000000
0.000000
0.000000
0.000000
0.000982
0.000000
0.000000
0.000000
0.000000
0.000000
0.000000
0.000000
0.000000
0.000000
0.000000
0.000000
0.001269
0.000000
0.000000
0.000000
0.000000
0.000000
0.001788
0.000000
0.000000
0.000000
0.000000
0.000000
0.000000
0.000000
0.000000
0.000000
0.001441
0.000000
0.000000
0.000000
0.001964
0.000000
0.000000
0.000000
0.000000
0.000000
0.000000
0.000867
0.000000
0.000000
0.001952
0.000000
0.001045
0.000000
0.001256
0.000000
0.000000
0.001158
0.000000
0.000000
0.000000
0.000000
0.000000
0.000000
0.000000
0.000000
0.000000
0.000000
0.000000
0.000000
0.000000
0.000000
0.000000
0.000000
0.000000
0.000000
0.000000
0.000000
0.000000
0.001338
0.000000
0.000000
0.000881
0.000000
0.000000
0.000000
0.000000
0.000000
0.000000
0.000000
0.000000
0.000000
0.000000
0.000000
0.000000
0.001027
0.000000
0.000000
0.000000
0.000000
0.000000
0.000000
0.002484
0.001044
0.000000
0.000000
0.000000
0.000000
0.000000
0.000000
0.001013
0.000000
0.000000
0.000000
0.000000
0.000000
0.000000
0.001069
0.001885
0.000000
0.000000
0.000000
0.000000
0.000000
0.000000
0.000000
0.000000
0.000000
0.000000
0.001263
0.000000
0.000000
0.001563
0.000000
0.000000
0.000000
0.000000
0.000000
0.000000
0.000912
0.000000
0.000905
0.000000
0.000000
0.000000
0.000000
0.000000
0.000000
0.000000
0.000000
0.000000
0.000000
0.000952
0.000000
0.000000
0.002195
0.000000
0.000000
0.000000
0.000000
0.000000
0.000000
0.000000
0.000000
0.000975
0.001122
0.000000
0.000000
0.000000
0.000000
0.000000
0.000934
0.000000
0.000000
0.000964
0.000000
0.000000
0.000000
0.000000
0.000990
0.000000
0.001084
0.000000
0.000000
0.000000
0.000000
0.000000
0.001349
0.000000
0.001256
0.000894
0.000000
0.000000
0.000000
0.000000
0.000000
0.000000
0.000000
0.000000
0.000000
0.000000
0.000000
0.001003
0.000000
0.000000
0.000000
0.000000
0.000000
0.000000
0.000000
0.001173
0.000000
0.000000
0.000000
0.000000
0.000000
0.000000
0.001124
0.000000
0.000000
0.000000
0.000000
0.002065
0.000000
0.000000
0.000000
0.000000
