0.000000
0.000000
0.000000
0.000000
0.000000
0.000000
0.000000
0.001731
0.000000
0.000000
0.000000
0.000000
0.000000
0.000000
0.000000
0.000000
0.000000
0.000000
0.000000
0.000000
0.000000
0.004538
0.002035
0.000000
0.000000
0.000000
0.000000
0.000000
0.000000
0.000000
0.005022
0.001643
0.000000
0.000000
0.000000
0.000000
0.001529
0.000000
0.000000
0.000000
0.000000
0.000000
0.000000
0.000000
0.000000
0.000000
0.000000
0.000000
0.000000
0.000000
0.000000
0.002294
0.000000
0.000000
0.000000
0.000000
0.000000
0.000000
0.001563
0.000000
0.000000
0.000000
0.002641
0.000000
0.002065
0.000000
0.000000
0.001774
0.000000
0.000000
0.000000
0.000000
0.000000
0.000000
0.000000
0.000000
0.000000
0.000000
0.000000
0.000000
0.000000
0.000000
0.000000
0.000000
0.000000
0.000000
0.000000
0.000000
0.000000
0.000000
0.001946
0.000000
0.000000
0.000000
0.000000
0.000000
0.002259
0.000000
0.000000
0.000000
0.002524
0.000000
0.000000
0.000000
0.000000
0.000000
0.000000
0.000000
0.000000
0.000000
0.000000
0.000000
0.000000
0.004731
0.001610
0.003086
0.000000
0.000000
0.000000
0.000000
0.002942
0.000000
0.000000
0.000000
0.000000
0.000000
0.000000
0.000000
0.000000
0.000000
0.000000
0.002146
0.000000
0.003063
0.000000
0.001640
0.000000
0.000000
0.000000
0.000000
0.000000
0.000000
0.000000
0.000000
0.001676
0.000000
0.000000
0.000000
0.000000
0.000000
0.000000
0.000000
0.000000
0.000000
0.000000
0.000000
0.000000
0.000000
0.001775
0.000000
0.000000
0.000000
0.000000
0.000000
0.000000
0.000000
0.000000
0.000000
0.000000
0.000000
0.000000
0.000000
0.000000
0.001441
0.000000
0.000000
0.001671
0.000000
0.000000
0.000000
0.002136
0.000000
0.000000
0.000000
0.000000
0.000000
0.000000
0.000000
0.000000
0.002585
0.000000
0.000000
0.000000
0.000000
0.002964
0.000000
0.000000
0.002981
0.000000
0.000000
0.000000
0.000000
0.000000
0.000000
0.000000
0.000000
0.000000
0.000000
0.000000
0.000000
0.000000
0.000000
0.000000
0.000000
0.000000
0.001538
0.000000
0.000000
0.000000
0.000000
0.001413
0.000000
0.000000
0.001458
0.000000
0.001358
0.000000
0.000000
0.000000
0.000000
0.000000
0.000000
0.000000
0.000000
0.000000
0.001457
0.001614
0.000000
0.000000
0.000000
0.000000
0.000000
0.000000
0.001372
0.001817
0.000000
0.000000
0.001530
0.001932
0.000000
0.000000
0.000000
0.000000
0.000000
0.000000
0.000000
0.000000
0.000000
0.000000
0.000000
0.000000
0.000000
0.000000
0.000000
0.000000
0.001643
0.000000
0.000000
0.000000
0.000000
0.000000
0.000000
0.000000
0.000000
0.000000
0.000000
0.000000
0.000000
0.000000
0.000000
0.000000
0.000000
0.000000
0.000000
0.001775
0.000000
0.000000
0.000000
0.000000
0.000000
0.001967
0.000000
0.000000
0.000000
0.000000
0.000000
0.002099
0.000000
0.000000
0.000000
0.000000
0.000000
0.000000
0.000000
0.001460
0.000000
0.000000
0.000000
0.000000
0.000000
0.000000
0.000000
0.000000
0.000000
0.000000
0.000000
0.000000
0.000000
0.000000
0.000000
0.000000
0.000000
0.000000
0.000000
0.000000
0.001761
0.000000
0.000000
0.000000
0.000000
0.000000
0.000000
0.000000
0.000000
0.000000
0.000000
0.000000
0.000000
0.000000
0.000000
0.001657
0.001967
0.000000
0.000000
0.000000
0.000000
0.000000
0.000000
0.000000
0.000000
0.000000
0.000000
0.000000
0.002042
0.000000
0.000000
0.000000
0.002605
0.000000
0.000000
0.000000
0.000000
0.000000
0.000000
0.000000
0.000000
0.000000
0.000000
0.000000
0.000000
0.000000
0.000000
0.000000
0.000000
0.001838
0.000000
0.000000
0.000000
0.000000
0.000000
0.000000
0.000000
0.000000
0.001374
0.000000
0.000000
0.000000
0.000000
0.000000
0.000000
0.000000
0.000000
0.000000
0.000000
0.000000
0.000000
0.000000
0.000000
0.000000
0.000000
0.003302
0.000000
0.000000
0.000000
0.001659
0.000000
0.000000
0.000000
0.000000
0.000000
0.000000
0.000000
0.000000
0.000000
0.000000
0.000000
0.000000
0.000000
0.000000
0.000000
0.000000
0.000000
0.000000
0.000000
0.000000
0.000000
0.000000
0.000000
0.000000
0.000000
0.000000
0.000000
0.000000
0.000000
0.000000
0.000000
0.000000
0.000000
0.000000
0.000000
0.000000
0.001383
0.000000
0.001996
0.000000
0.001659
0.000000
0.000000
0.000000
0.000000
0.000000
0.000000
0.002274
0.000000
0.000000
0.000000
0.000000
0.000000
0.000000
0.002052
0.000000
0.000000
0.000000
0.000000
0.000000
0.002626
0.000000
0.000000
0.000000
0.000000
0.001831
0.000000
0.000000
0.000000
0.000000
0.000000
0.000000
0.001376
0.000000
0.000000
0.000000
0.000000
0.000000
0.002069
0.000000
0.000000
0.000000
0.000000
0.000000
0.000000
0.000000
0.002110
0.000000
0.000000
0.000000
0.000000
0.000000
0.000000
0.000000
0.000000
0.000000
0.000000
0.000000
0.000000
0.000000
0.000000
0.000000
0.000000
0.001850
0.000000
0.000000
0.000000
0.001589
0.000000
0.000000
0.001857
0.000000
0.000000
0.000000
0.001456
0.000000
0.000000
0.000000
0.000000
0.000000
0.000000
0.001485
0.001757
0.000000
0.000000
0.000000
0.000000
0.000000
0.000000
0.000000
0.000000
0.000000
0.001604
0.001626
0.000000
0.000000
0.000000
0.000000
0.000000
0.000000
0.000000
0.000000
0.000000
0.001368
0.000000
0.000000
0.000000
0.000000
0.000000
0.000000
0.001404
0.000000
0.000000
0.000000
0.000000
0.002193
0.000000
0.000000
0.002799
0.000000
0.002194
0.000000
0.000000
0.000000
0.000000
0.000000
0.000000
0.000000
0.001383
0.000000
0.000000
0.000000
0.000000
0.000000
0.000000
0.000000
0.000000
0.000000
0.000000
0.001435
0.000000
0.000000
0.000000
0.000000
0.000000
0.000000
0.000000
0.000000
0.000000
0.000000
0.000000
0.000000
0.000000
0.000000
0.000000
0.000000
0.000000
0.000000
0.000000
0.000000
0.000000
0.000000
0.000000
0.000000
0.000000
0.000000
0.000000
0.002582
0.000000
0.001396
0.001700
0.000000
0.001771
0.000000
0.000000
0.000000
0.000000
0.000000
0.000000
0.000000
0.000000
0.000000
0.001517
0.000000
0.000000
0.000000
0.000000
0.000000
0.000000
0.000000
0.000000
0.000000
0.000000
0.000000
0.000000
0.000000
0.000000
0.000000
0.000000
0.002250
0.001493
0.000000
0.001704
0.000000
0.000000
0.000000
0.000000
0.000000
0.000000
0.000000
0.000000
0.000000
0.000000
0.000000
0.001605
0.000000
0.000000
0.000000
0.000000
0.000000
0.000000
0.000000
0.000000
0.000000
0.000000
0.001810
0.000000
0.000000
0.000000
0.000000
0.000000
0.000000
0.000000
0.000000
0.000000
0.000000
0.000000
0.000000
0.001426
0.000000
0.001602
0.000000
0.000000
0.002504
0.000000
0.000000
0.000000
0.000000
0.000000
0.000000
0.000000
0.000000
0.000000
0.000000
0.000000
0.000000
0.000000
0.002420
0.000000
0.000000
0.000000
0.000000
0.000000
0.000000
0.000000
0.000000
0.000000
0.000000
0.000000
0.000000
0.000000
0.000000
0.000000
0.000000
0.001748
0.000000
0.001817
0.002611
0.000000
0.000000
0.000000
0.000000
0.000000
0.000000
0.000000
0.001583
0.000000
0.000000
0.000000
0.000000
0.000000
0.000000
0.002673
0.000000
0.000000
0.003066
0.000000
0.000000
0.000000
0.000000
0.000000
0.000000
0.000000
0.000000
0.000000
0.000000
0.000000
0.000000
0.000000
0.001814
0.000000
0.000000
0.000000
0.000000
0.000000
0.002133
0.001477
0.000000
0.000000
0.000000
0.002818
0.000000
0.000000
0.000000
0.000000
0.000000
0.000000
0.000000
0.000000
0.000000
0.000000
0.000000
0.002598
0.000000
0.000000
0.000000
0.000000
0.000000
0.000000
0.000000
0.002353
0.000000
0.000000
0.000000
0.001990
0.000000
0.000000
0.000000
0.000000
0.001492
0.001495
0.002063
0.000000
0.000000
0.000000
0.000000
0.000000
0.000000
0.000000
0.000000
0.000000
0.000000
0.002711
0.000000
0.000000
0.000000
0.000000
0.002055
0.000000
0.000000
0.000000
0.001481
0.000000
0.000000
0.000000
0.000000
0.000000
0.000000
0.000000
0.000000
0.000000
0.001580
0.000000
0.000000
0.000000
0.000000
0.000000
0.000000
0.001808
0.001585
0.000000
0.000000
0.000000
0.000000
0.000000
0.000000
0.000000
0.000000
0.000000
0.000000
0.002101
0.001552
0.000000
0.000000
0.001973
0.000000
0.000000
0.000000
0.000000
0.000000
0.001973
0.000000
0.001782
0.002316
0.000000
0.000000
0.000000
0.001840
0.000000
0.000000
0.000000
0.000000
0.000000
0.000000
0.000000
0.000000
0.000000
0.000000
0.000000
0.000000
0.000000
0.001712
0.000000
0.000000
0.000000
0.000000
0.000000
0.000000
0.000000
0.005528
0.000000
0.002151
0.000000
0.000000
0.000000
0.000000
0.000000
0.000000
0.000000
0.000000
0.000000
0.000000
0.000000
0.001608
0.000000
0.000000
0.000000
0.000000
0.000000
0.000000
0.000000
0.001602
0.000000
0.000000
0.000000
0.000000
0.000000
0.001618
0.000000
0.000000
0.000000
0.000000
0.000000
0.002309
0.000000
0.000000
0.000000
0.002617
0.000000
0.001438
0.000000
0.000000
0.000000
0.000000
0.002242
0.000000
0.000000
0.000000
0.000000
0.000000
0.000000
0.000000
0.000000
0.000000
0.000000
0.001458
0.000000
0.000000
0.000000
0.001790
0.000000
0.000000
0.000000
0.000000
0.000000
0.000000
0.000000
0.000000
0.000000
0.000000
0.000000
0.000000
0.000000
0.000000
0.000000
0.000000
0.000000
0.000000
0.004144
0.001375
0.000000
0.000000
0.000000
0.000000
0.000000
0.001485
0.000000
0.000000
0.000000
0.002340
0.000000
0.003002
0.000000
0.002218
0.000000
0.000000
0.000000
0.000000
0.000000
0.000000
0.000000
0.001842
0.000000
0.000000
0.000000
0.000000
0.001470
0.000000
0.000000
0.000000
0.000000
0.000000
0.000000
0.000000
0.000000
0.000000
0.000000
0.000000
0.000000
0.000000
0.000000
0.000000
0.000000
0.000000
0.000000
0.000000
0.000000
0.000000
0.000000
0.000000
0.000000
0.000000
0.000000
0.000000
0.000000
0.000000
0.001683
0.000000
0.000000
0.000000
0.000000
0.001478
0.000000
0.000000
0.001705
0.000000
0.000000
0.000000
0.001504
0.000000
0.000000
0.000000
0.001472
0.000000
0.000000
0.000000
0.003240
0.000000
0.000000
0.000000
0.000000
0.000000
0.000000
0.000000
0.000000
0.000000
0.000000
0.000000
0.000000
0.002077
0.001472
0.000000
0.000000
0.000000
0.000000
0.000000
0.000000
0.000000
0.000000
0.000000
0.000000
0.000000
0.000000
0.000000
0.000000
0.000000
0.000000
0.000000
0.002379
0.000000
0.000000
0.000000
0.000000
0.000000
0.001385
0.001916
0.000000
0.000000
0.002009
0.003166
0.002422
0.000000
0.000000
0.000000
0.000000
0.000000
0.000000
0.000000
0.000000
0.000000
0.000000
0.000000
0.000000
0.000000
0.000000
0.000000
0.000000
0.000000
0.000000
0.000000
0.000000
0.000000
0.000000
0.000000
0.000000
0.000000
0.001441
0.000000
0.000000
0.000000
0.000000
0.000000
0.001770
0.001986
0.000000
0.000000
0.000000
0.000000
0.000000
0.000000
0.000000
0.000000
0.000000
0.000000
0.000000
0.000000
0.000000
0.000000
0.000000
0.000000
0.000000
0.000000
0.000000
0.000000
0.000000
0.000000
0.000000
0.001508
0.000000
0.004618
0.000000
0.001643
0.000000
0.000000
0.000000
0.000000
0.000000
0.000000
0.000000
0.000000
0.000000
0.000000
0.000000
0.039424
0.001937
0.000000
0.000000
0.000000
0.000000
0.001488
0.000000
0.000000
0.000000
0.000000
0.000000
0.000000
0.001634
0.000000
0.000000
0.000000
0.000000
0.000000
0.000000
0.001645
0.000000
0.000000
0.000000
0.000000
0.000000
0.000000
0.000000
0.000000
0.000000
0.000000
0.000000
0.000000
0.000000
0.000000
0.000000
0.000000
0.000000
0.001902
0.000000
0.000000
0.000000
0.000000
0.000000
0.000000
0.000000
0.000000
0.000000
0.000000
0.000000
0.000000
0.000000
0.000000
0.000000
0.000000
0.000000
0.000000
0.000000
0.000000
0.000000
0.000000
0.000000
0.000000
0.000000
0.000000
0.000000
0.000000
0.000000
0.000000
0.000000
0.000000
0.000000
0.002089
0.000000
0.000000
0.000000
0.000000
0.002157
0.000000
0.000000
0.000000
0.000000
0.000000
0.000000
0.001934
0.001641
0.000000
0.000000
0.000000
0.001840
0.000000
0.000000
0.000000
0.000000
0.001694
0.000000
0.000000
0.000000
0.000000
0.000000
0.000000
0.000000
0.000000
0.000000
0.000000
0.000000
0.000000
0.000000
0.000000
0.000000
0.000000
0.000000
0.001579
0.002595
0.000000
0.000000
0.000000
0.000000
0.000000
0.000000
0.000000
0.000000
0.000000
0.000000
0.000000
0.000000
0.000000
0.000000
0.000000
0.000000
0.001415
0.000000
0.000000
0.000000
0.000000
0.000000
0.000000
0.000000
0.000000
0.000000
0.000000
0.000000
0.000000
0.000000
0.000000
0.000000
0.000000
0.000000
0.000000
0.000000
0.000000
0.000000
0.000000
0.000000
0.000000
0.000000
0.001388
0.000000
0.000000
0.000000
0.000000
0.000000
0.000000
0.000000
0.000000
0.000000
0.000000
0.000000
0.001782
0.000000
0.000000
0.000000
0.000000
0.000000
0.000000
0.000000
0.000000
0.000000
0.000000
0.000000
0.000000
0.000000
0.000000
0.000000
0.000000
0.000000
0.000000
0.000000
0.000000
0.000000
0.000000
0.000000
0.000000
0.000000
0.000000
0.000000
0.001609
0.002042
0.000000
0.000000
0.002233
0.000000
0.002364
0.001566
0.002365
0.001503
0.000000
0.000000
0.000000
0.000000
0.000000
0.000000
0.001628
0.000000
0.000000
0.000000
0.000000
0.000000
0.000000
0.000000
0.000000
0.000000
0.000000
0.000000
0.000000
0.000000
0.000000
0.000000
0.000000
0.000000
0.001426
0.000000
0.000000
0.000000
0.001528
0.000000
0.000000
0.000000
0.000000
0.000000
0.000000
0.000000
0.000000
0.000000
0.000000
0.000000
0.000000
0.000000
0.000000
0.000000
0.000000
0.000000
0.000000
0.000000
0.000000
0.000000
0.000000
0.000000
0.000000
0.000000
0.000000
0.000000
0.000000
0.002228
0.000000
0.000000
0.000000
0.001590
0.000000
0.000000
0.000000
0.000000
0.001990
0.000000
0.000000
0.002663
0.002871
0.000000
0.000000
0.000000
0.000000
0.000000
0.000000
0.000000
0.000000
0.000000
0.000000
0.000000
0.000000
0.000000
0.000000
0.000000
0.000000
0.000000
0.001955
0.000000
0.000000
0.001506
0.000000
0.000000
0.000000
0.000000
0.000000
0.000000
0.001359
0.000000
0.002797
0.000000
0.000000
0.000000
0.000000
0.000000
0.000000
0.000000
0.000000
0.000000
0.000000
0.000000
0.000000
0.000000
0.000000
0.000000
0.000000
0.000000
0.000000
0.002768
0.000000
0.000000
0.000000
0.000000
0.000000
0.000000
0.000000
0.000000
0.000000
0.000000
0.000000
0.000000
0.000000
0.000000
0.000000
0.000000
0.000000
0.000000
0.000000
0.000000
0.000000
0.001876
0.000000
0.000000
0.000000
0.000000
0.000000
0.000000
0.000000
0.000000
0.000000
0.000000
0.000000
0.000000
0.000000
0.000000
0.000000
0.000000
0.000000
0.000000
0.001497
0.000000
0.000000
0.000000
0.000000
0.000000
0.000000
0.000000
0.000000
0.000000
0.000000
0.000000
0.000000
0.000000
0.000000
0.000000
0.000000
0.000000
0.000000
0.000000
0.002230
0.000000
0.002417
0.000000
0.000000
0.000000
0.000000
0.000000
0.000000
0.000000
0.000000
0.000000
0.000000
0.000000
0.001438
0.000000
0.002255
0.000000
0.002523
0.000000
0.000000
0.000000
0.000000
0.000000
0.000000
0.000000
0.000000
0.001742
0.000000
0.000000
0.000000
0.000000
0.002348
0.000000
0.000000
0.000000
0.000000
0.000000
0.000000
0.001379
0.000000
0.000000
0.000000
0.000000
0.000000
0.002448
0.000000
0.000000
0.000000
0.000000
0.000000
0.000000
0.000000
0.000000
0.000000
0.000000
0.000000
0.001360
0.000000
0.000000
0.000000
0.000000
0.000000
0.000000
0.000000
0.000000
0.000000
0.000000
0.000000
0.000000
0.000000
0.000000
0.000000
0.000000
0.000000
0.000000
0.000000
0.000000
0.000000
0.000000
0.000000
0.000000
0.000000
0.000000
0.000000
0.000000
0.000000
0.000000
0.001681
0.000000
0.000000
0.000000
0.000000
0.002375
0.000000
0.000000
0.000000
0.000000
0.000000
0.000000
0.000000
0.002590
0.000000
0.000000
0.000000
0.000000
0.000000
0.001489
0.000000
0.000000
0.000000
0.000000
0.001685
0.000000
0.000000
0.000000
0.000000
0.000000
0.000000
0.000000
0.000000
0.000000
0.000000
0.000000
0.002658
0.000000
0.000000
0.000000
0.000000
0.001621
0.000000
0.000000
0.003792
0.002314
0.000000
0.000000
0.000000
0.000000
0.000000
0.000000
0.000000
0.000000
0.000000
0.000000
0.000000
0.000000
0.000000
0.001848
0.000000
0.000000
0.000000
0.000000
0.002222
0.000000
0.000000
0.000000
0.000000
0.000000
0.000000
0.001470
0.000000
0.000000
0.000000
0.000000
0.001533
0.000000
0.000000
0.000000
0.000000
0.000000
0.001433
0.000000
0.000000
0.000000
0.000000
0.000000
0.000000
0.001518
0.000000
0.002326
0.000000
0.000000
0.000000
0.000000
0.000000
0.000000
0.002416
0.000000
0.000000
0.000000
0.000000
0.000000
0.000000
0.001634
0.000000
0.000000
0.000000
0.000000
0.000000
0.000000
0.000000
0.000000
0.000000
0.000000
0.000000
0.000000
0.000000
0.000000
0.000000
0.000000
0.002505
0.000000
0.000000
0.000000
0.001616
0.000000
0.000000
0.000000
0.000000
0.000000
0.002169
0.000000
0.000000
0.001457
0.000000
0.000000
0.000000
0.000000
0.000000
0.000000
0.000000
0.000000
0.000000
0.000000
0.000000
0.000000
0.000000
0.000000
0.000000
0.002574
0.001909
0.000000
0.001464
0.000000
0.000000
0.000000
0.000000
0.002288
0.000000
0.000000
0.000000
0.000000
0.000000
0.000000
0.000000
0.000000
0.001815
0.000000
0.000000
0.000000
0.000000
0.000000
0.000000
0.000000
0.000000
0.000000
0.000000
0.000000
0.000000
0.000000
0.000000
0.000000
0.000000
0.000000
0.000000
0.000000
0.000000
0.000000
0.000000
0.002115
0.000000
0.000000
0.000000
0.001568
0.000000
0.000000
0.001407
0.000000
0.000000
0.000000
0.000000
0.000000
0.000000
0.000000
0.000000
0.000000
0.000000
0.000000
0.000000
0.000000
0.000000
0.000000
0.000000
0.000000
0.001553
0.000000
0.000000
0.000000
0.000000
0.000000
0.000000
0.001410
0.002245
0.000000
0.000000
0.000000
0.000000
0.000000
0.000000
0.000000
0.001526
0.000000
0.000000
0.000000
0.000000
0.000000
0.000000
0.001434
0.000000
0.000000
0.000000
0.000000
0.000000
0.000000
0.000000
0.000000
0.000000
0.000000
0.000000
0.000000
0.000000
0.000000
0.000000
0.000000
0.000000
0.000000
0.000000
0.002785
0.000000
0.000000
0.000000
0.000000
0.000000
0.000000
0.000000
0.000000
0.000000
0.002874
0.000000
0.000000
0.000000
0.000000
0.000000
0.002840
0.000000
0.000000
0.001709
0.000000
0.000000
0.000000
0.000000
0.001713
0.000000
0.000000
0.000000
0.000000
0.000000
0.002266
0.000000
0.001731
0.000000
0.003045
0.000000
0.000000
0.000000
0.000000
0.000000
0.000000
0.000000
0.000000
0.002510
0.000000
0.000000
0.000000
0.000000
0.000000
0.001799
0.000000
0.000000
0.000000
0.002491
0.000000
0.002109
0.000000
0.000000
0.000000
0.000000
0.000000
0.000000
0.000000
0.000000
0.000000
0.000000
0.001732
0.000000
0.001726
0.000000
0.002183
0.000000
0.000000
0.000000
0.000000
0.000000
0.000000
0.000000
0.001771
0.000000
0.000000
0.000000
0.000000
0.000000
0.000000
0.000000
0.000000
0.000000
0.000000
0.000000
0.000000
0.000000
0.000000
0.001441
0.000000
0.000000
0.000000
0.002838
0.000000
0.001666
0.000000
0.000000
0.001620
0.000000
0.000000
0.000000
0.000000
0.000000
0.000000
0.000000
0.000000
0.000000
0.000000
0.000000
0.001463
0.000000
0.000000
0.000000
0.000000
0.000000
0.000000
0.000000
0.000000
0.000000
0.000000
0.000000
0.000000
0.000000
0.000000
0.000000
0.000000
0.000000
0.000000
0.000000
0.000000
0.000000
0.000000
0.000000
0.000000
0.000000
0.000000
0.000000
0.000000
0.000000
0.000000
0.000000
0.000000
0.000000
0.000000
0.000000
0.000000
0.002102
0.000000
0.002017
0.000000
0.000000
0.000000
0.000000
0.002336
0.000000
0.004022
0.000000
0.000000
0.000000
0.001808
0.000000
0.000000
0.000000
0.000000
0.000000
0.000000
0.000000
0.000000
0.000000
0.000000
0.000000
0.000000
0.000000
0.000000
0.000000
0.000000
0.000000
0.000000
0.000000
0.000000
0.001680
0.000000
0.000000
0.000000
0.001619
0.003386
0.000000
0.000000
0.000000
0.000000
0.000000
0.000000
0.000000
0.000000
0.001558
0.000000
0.001468
0.000000
0.001810
0.000000
0.000000
0.000000
0.000000
0.000000
0.000000
0.000000
0.000000
0.000000
0.000000
0.000000
0.001623
0.001743
0.000000
0.000000
0.002544
0.000000
0.000000
0.000000
0.000000
0.000000
0.000000
0.000000
0.000000
0.000000
0.000000
0.000000
0.000000
0.000000
0.000000
0.000000
0.000000
0.000000
0.001518
0.000000
0.000000
0.000000
0.000000
0.000000
0.000000
0.000000
0.000000
0.001656
0.000000
0.000000
0.000000
0.000000
0.000000
0.000000
0.000000
0.000000
0.000000
0.000000
0.000000
0.000000
0.001398
0.000000
0.000000
0.000000
0.000000
0.000000
0.001403
0.000000
0.000000
0.000000
0.000000
0.000000
0.000000
0.000000
0.000000
0.000000
0.000000
0.000000
0.000000
0.000000
0.000000
0.000000
0.000000
0.000000
0.000000
0.000000
0.000000
0.000000
0.001639
0.000000
0.000000
0.000000
0.000000
0.000000
0.002601
0.000000
0.000000
0.000000
0.000000
0.000000
0.000000
0.000000
0.000000
0.000000
0.000000
0.000000
0.000000
0.000000
0.000000
0.000000
0.000000
0.000000
0.001767
0.000000
0.002372
0.000000
0.000000
0.000000
0.000000
0.000000
0.000000
0.000000
0.000000
0.000000
0.000000
0.000000
0.000000
0.000000
0.000000
0.000000
0.001821
0.000000
0.000000
0.001478
0.000000
0.000000
0.000000
0.000000
0.000000
0.000000
0.000000
0.006175
0.000000
0.000000
0.000000
0.000000
0.000000
0.000000
0.000000
0.002594
0.000000
0.000000
0.000000
0.000000
0.000000
0.000000
0.000000
0.000000
0.000000
0.001483
0.000000
0.000000
0.000000
0.000000
0.000000
0.000000
0.000000
0.001379
0.000000
0.002060
0.000000
0.000000
0.000000
0.000000
0.000000
0.000000
0.000000
0.000000
0.000000
0.001626
0.000000
0.000000
0.000000
0.000000
0.000000
0.000000
0.000000
0.000000
0.000000
0.000000
0.000000
0.000000
0.000000
0.000000
0.001379
0.000000
0.000000
0.000000
0.000000
0.000000
0.000000
0.000000
0.000000
0.000000
0.000000
0.000000
0.000000
0.001363
0.000000
0.000000
0.000000
0.000000
0.000000
0.000000
0.001525
0.000000
0.000000
0.000000
0.000000
0.002163
0.000000
0.000000
0.000000
0.000000
0.000000
0.000000
0.000000
0.000000
0.000000
0.000000
0.000000
0.000000
0.002013
0.000000
0.002624
0.000000
0.000000
0.000000
0.000000
0.001717
0.000000
0.000000
0.001646
0.001608
0.000000
0.000000
0.000000
0.000000
0.000000
0.000000
0.000000
0.000000
0.000000
0.000000
0.000000
0.000000
0.000000
0.000000
0.000000
0.002359
0.000000
0.000000
0.000000
0.000000
0.000000
0.000000
0.000000
0.000000
0.000000
0.000000
0.000000
0.000000
0.000000
0.001518
0.000000
0.000000
0.000000
0.002948
0.000000
0.000000
0.000000
0.000000
0.000000
0.000000
0.000000
0.000000
0.000000
0.000000
0.000000
0.000000
0.000000
0.000000
0.000000
0.000000
0.000000
0.001455
0.000000
0.000000
0.000000
0.000000
0.000000
0.000000
0.000000
0.000000
0.000000
0.000000
0.000000
0.000000
0.000000
0.000000
0.000000
0.000000
0.000000
0.000000
0.000000
0.000000
0.002197
0.000000
0.000000
0.000000
0.000000
0.000000
0.000000
0.000000
0.000000
0.000000
0.000000
0.000000
0.000000
0.000000
0.000000
0.000000
0.000000
0.000000
0.001414
0.000000
0.000000
0.000000
0.000000
0.000000
0.000000
0.000000
0.000000
0.000000
0.000000
0.001479
0.000000
0.000000
0.001725
0.000000
0.000000
0.000000
0.000000
0.000000
0.000000
0.000000
0.000000
0.000000
0.000000
0.000000
0.000000
0.000000
0.000000
0.000000
0.000000
0.000000
0.001460
0.000000
0.000000
0.002194
0.000000
0.000000
0.000000
0.000000
0.000000
0.000000
0.000000
0.000000
0.000000
0.000000
0.000000
0.000000
0.000000
0.000000
0.000000
0.000000
0.000000
0.002014
0.000000
0.000000
0.000000
0.002354
0.000000
0.001896
0.002259
0.000000
0.000000
0.000000
0.002435
0.000000
0.000000
0.002647
0.000000
0.000000
0.000000
0.000000
0.000000
0.000000
0.001611
0.000000
0.000000
0.001671
0.000000
0.000000
0.000000
0.000000
0.000000
0.000000
0.000000
0.000000
0.000000
0.000000
0.000000
0.000000
0.000000
0.000000
0.000000
0.000000
0.001768
0.000000
0.000000
0.000000
0.000000
0.001607
0.000000
0.000000
0.000000
0.000000
0.000000
0.000000
0.000000
0.000000
0.000000
0.000000
0.000000
0.000000
0.000000
0.000000
0.001627
0.000000
0.002139
0.000000
0.000000
0.000000
0.000000
0.000000
0.000000
0.000000
0.000000
0.000000
0.000000
0.000000
0.000000
0.000000
0.000000
0.000000
0.000000
0.001359
0.000000
0.000000
0.001459
0.000000
0.001642
0.000000
0.004562
0.000000
0.000000
0.000000
0.000000
0.000000
0.000000
0.000000
0.001660
0.000000
0.000000
0.000000
0.000000
0.000000
0.001900
0.000000
0.001904
0.000000
0.000000
0.000000
0.000000
0.001642
0.000000
0.000000
0.000000
0.000000
0.000000
0.000000
0.000000
0.000000
0.000000
0.000000
0.000000
0.000000
0.000000
0.000000
0.000000
0.001860
0.000000
0.000000
0.000000
0.000000
0.000000
0.000000
0.001621
0.000000
0.001679
0.000000
0.000000
0.000000
0.000000
0.000000
0.000000
0.000000
0.000000
0.000000
0.000000
0.000000
0.000000
0.000000
0.000000
0.000000
0.000000
0.000000
0.000000
0.000000
0.002169
0.000000
0.000000
0.002024
0.000000
0.000000
0.000000
0.000000
0.000000
0.000000
0.000000
0.000000
0.000000
0.000000
0.000000
0.000000
0.001932
0.000000
0.000000
0.000000
0.000000
0.000000
0.000000
0.000000
0.000000
0.000000
0.000000
0.000000
0.000000
0.002007
0.000000
0.000000
0.000000
0.002267
0.000000
0.000000
0.000000
0.000000
0.000000
0.000000
0.000000
0.000000
0.000000
0.001491
0.002048
0.002020
0.000000
0.000000
0.000000
0.000000
0.000000
0.000000
0.001390
0.000000
0.000000
0.001706
0.000000
0.000000
0.000000
0.000000
0.000000
0.002038
0.000000
0.000000
0.000000
0.000000
0.000000
0.000000
0.000000
0.000000
0.000000
0.000000
0.000000
0.000000
0.001634
0.000000
0.000000
0.000000
0.000000
0.000000
0.000000
0.000000
0.000000
0.000000
0.000000
0.000000
0.000000
0.000000
0.000000
0.000000
0.000000
0.000000
0.000000
0.000000
0.000000
0.000000
0.000000
0.000000
0.001456
0.000000
0.000000
0.000000
0.000000
0.000000
0.000000
0.000000
0.000000
0.000000
0.000000
0.000000
0.000000
0.000000
0.000000
0.000000
0.000000
0.000000
0.000000
0.000000
0.000000
0.000000
0.001435
0.000000
0.000000
0.000000
0.000000
0.000000
0.001848
0.000000
0.000000
0.000000
0.000000
0.000000
0.000000
0.000000
0.000000
0.000000
0.000000
0.002649
0.001893
0.000000
0.000000
0.000000
0.000000
0.000000
0.000000
0.000000
0.000000
0.000000
0.000000
0.000000
0.000000
0.000000
0.000000
0.000000
0.000000
0.000000
0.000000
0.000000
0.000000
0.000000
0.000000
0.001551
0.000000
0.000000
0.000000
0.000000
0.000000
0.000000
0.000000
0.000000
0.000000
0.000000
0.000000
0.000000
0.001481
0.000000
0.000000
0.000000
0.001443
0.000000
0.000000
0.000000
0.000000
0.000000
0.000000
0.000000
0.000000
0.001839
0.000000
0.000000
0.002758
0.000000
0.000000
0.000000
0.000000
0.000000
0.001760
0.000000
0.000000
0.001463
0.000000
0.000000
0.000000
0.000000
0.001695
0.000000
0.001518
0.000000
0.000000
0.000000
0.000000
0.000000
0.000000
0.000000
0.000000
0.000000
0.000000
0.000000
0.000000
0.000000
0.000000
0.000000
0.000000
0.000000
0.001608
0.000000
0.000000
0.000000
0.000000
0.000000
0.002189
0.000000
0.001815
0.002201
0.000000
0.000000
0.000000
0.000000
0.000000
0.000000
0.000000
0.000000
0.000000
0.000000
0.000000
0.000000
0.000000
0.000000
0.001945
0.002285
0.000000
0.000000
0.001669
0.000000
0.000000
0.000000
0.000000
0.000000
0.001566
0.000000
0.000000
0.000000
0.000000
0.000000
0.000000
0.000000
0.000000
0.000000
0.000000
0.000000
0.000000
0.000000
0.000000
0.000000
0.000000
0.000000
0.001501
0.000000
0.000000
0.000000
0.000000
0.000000
0.000000
0.000000
0.000000
0.000000
0.000000
0.000000
0.000000
0.000000
0.000000
0.000000
0.000000
0.000000
0.000000
0.000000
0.000000
0.000000
0.000000
0.000000
0.000000
0.000000
0.000000
0.000000
0.002861
0.000000
0.000000
0.000000
0.001737
0.000000
0.000000
0.000000
0.000000
0.000000
0.000000
0.001771
0.000000
0.002436
0.000000
0.000000
0.000000
0.000000
0.000000
0.000000
0.000000
0.000000
0.000000
0.000000
0.000000
0.000000
0.000000
0.000000
0.000000
0.000000
0.000000
0.000000
0.000000
0.002536
0.001746
0.000000
0.000000
0.000000
0.000000
0.000000
0.000000
0.000000
0.000000
0.000000
0.000000
0.000000
0.000000
0.002799
0.000000
0.000000
0.000000
0.000000
0.000000
0.000000
0.001968
0.000000
0.000000
0.000000
0.000000
0.000000
0.001852
0.000000
0.000000
0.001411
0.000000
0.000000
0.000000
0.002185
0.000000
0.000000
0.000000
0.001455
0.000000
0.000000
0.000000
0.000000
0.000000
0.000000
0.000000
0.000000
0.000000
0.000000
0.001934
0.000000
0.000000
0.000000
0.000000
0.000000
0.000000
0.002409
0.000000
0.000000
0.000000
0.000000
0.000000
0.000000
0.000000
0.002059
0.000000
0.000000
0.000000
0.000000
0.000000
0.000000
0.000000
0.000000
0.000000
0.000000
0.000000
0.000000
0.000000
0.000000
0.000000
0.000000
0.000000
0.000000
0.000000
0.000000
0.000000
0.000000
0.000000
0.000000
0.000000
0.000000
0.000000
0.000000
0.002643
0.001814
0.000000
0.000000
0.001835
0.000000
0.000000
0.000000
0.000000
0.000000
0.000000
0.000000
0.000000
0.001866
0.000000
0.000000
0.000000
0.000000
0.000000
0.001982
0.000000
0.000000
0.000000
0.000000
0.000000
0.000000
0.000000
0.001492
0.000000
0.000000
0.002280
0.000000
0.000000
0.000000
0.000000
0.000000
0.000000
0.000000
0.000000
0.000000
0.000000
0.000000
0.000000
0.000000
0.000000
0.000000
0.000000
0.000000
0.000000
0.000000
0.000000
0.000000
0.000000
0.000000
0.000000
0.000000
0.000000
0.000000
0.000000
0.000000
0.000000
0.000000
0.000000
0.000000
0.000000
0.000000
0.000000
0.000000
0.000000
0.000000
0.000000
0.000000
0.000000
0.000000
0.000000
0.000000
0.000000
0.000000
0.000000
0.000000
0.000000
0.000000
0.000000
0.000000
0.000000
0.000000
0.000000
0.000000
0.000000
0.000000
0.000000
0.000000
0.000000
0.000000
0.000000
0.000000
0.000000
0.000000
0.003753
0.000000
0.000000
0.000000
0.000000
0.000000
0.000000
0.000000
0.000000
0.000000
0.000000
0.000000
0.001495
0.000000
0.000000
0.000000
0.000000
0.000000
0.000000
0.000000
0.000000
0.001527
0.000000
0.000000
0.002268
0.000000
0.000000
0.000000
0.000000
0.000000
0.000000
0.000000
0.000000
0.000000
0.000000
0.000000
0.000000
0.000000
0.000000
0.000000
0.000000
0.000000
0.000000
0.000000
0.000000
0.002663
0.000000
0.000000
0.000000
0.000000
0.000000
0.000000
0.001731
0.000000
0.000000
0.000000
0.001629
0.000000
0.002691
0.000000
0.000000
0.000000
0.000000
0.000000
0.000000
0.000000
0.000000
0.000000
0.000000
0.000000
0.000000
0.000000
0.000000
0.000000
0.000000
0.000000
0.000000
0.000000
0.000000
0.000000
0.000000
0.000000
0.000000
0.000000
0.000000
0.000000
0.000000
0.000000
0.000000
0.000000
0.001729
0.000000
0.000000
0.000000
0.001968
0.000000
0.000000
0.001639
0.000000
0.000000
0.000000
0.000000
0.000000
0.002436
0.002043
0.001635
0.000000
0.000000
0.000000
0.000000
0.000000
0.000000
0.000000
0.000000
0.000000
0.000000
0.000000
0.000000
0.000000
0.001561
0.000000
0.000000
0.001360
0.000000
0.000000
0.000000
0.000000
0.000000
0.000000
0.000000
0.000000
0.000000
0.001454
0.000000
0.000000
0.000000
0.000000
0.000000
0.001607
0.000000
0.000000
0.000000
0.000000
0.000000
0.000000
0.001772
0.000000
0.000000
0.000000
0.000000
0.000000
0.000000
0.000000
0.000000
0.000000
0.000000
0.000000
0.000000
0.000000
0.002146
0.000000
0.000000
0.000000
0.000000
0.000000
0.001592
0.000000
0.000000
0.000000
0.000000
0.001439
0.000000
0.000000
0.000000
0.001542
0.000000
0.000000
0.000000
0.000000
0.000000
0.000000
0.000000
0.003225
0.000000
0.000000
0.001914
0.000000
0.000000
0.000000
0.000000
0.000000
0.000000
0.000000
0.000000
0.000000
0.000000
0.000000
0.000000
0.000000
0.000000
0.000000
0.000000
0.000000
0.002350
0.000000
0.000000
0.001386
0.000000
0.000000
0.000000
0.001882
0.000000
0.000000
0.000000
0.000000
0.000000
0.001744
0.000000
0.000000
0.000000
0.000000
0.000000
0.001520
0.000000
0.000000
0.000000
0.000000
0.000000
0.000000
0.000000
0.000000
0.000000
0.000000
0.000000
0.000000
0.000000
0.000000
0.000000
0.000000
0.000000
0.001754
0.000000
0.000000
0.000000
0.000000
0.000000
0.001471
0.000000
0.000000
0.000000
0.001415
0.001542
0.000000
0.001963
0.000000
0.001486
0.000000
0.000000
0.000000
0.000000
0.002331
0.001424
0.000000
0.000000
0.000000
0.000000
0.000000
0.000000
0.000000
0.000000
0.000000
0.000000
0.001537
0.000000
0.000000
0.000000
0.002291
0.000000
0.000000
0.000000
0.000000
0.001402
0.000000
0.000000
0.000000
0.000000
0.000000
0.000000
0.001378
0.000000
0.000000
0.001903
0.000000
0.000000
0.000000
0.000000
0.000000
0.000000
0.000000
0.000000
0.000000
0.002650
0.000000
0.000000
0.000000
0.000000
0.000000
0.000000
0.000000
0.000000
0.000000
0.000000
0.000000
0.000000
0.000000
0.000000
0.000000
0.000000
0.000000
0.000000
0.001702
0.000000
0.000000
0.000000
0.000000
0.000000
0.002235
0.000000
0.000000
0.000000
0.000000
0.000000
0.000000
0.000000
0.000000
0.000000
0.000000
0.000000
0.000000
0.000000
0.000000
0.000000
0.000000
0.000000
0.000000
0.000000
0.001553
0.000000
0.000000
0.002722
0.000000
0.000000
0.002054
0.000000
0.000000
0.000000
0.000000
0.000000
0.000000
0.001501
0.000000
0.002151
0.000000
0.000000
0.000000
0.000000
0.000000
0.000000
0.000000
0.000000
0.000000
0.000000
0.000000
0.000000
0.000000
0.000000
0.000000
0.000000
0.000000
0.000000
0.002230
0.000000
0.000000
0.000000
0.001979
0.002238
0.000000
0.000000
0.001884
0.000000
0.000000
0.000000
0.000000
0.000000
0.000000
0.000000
0.000000
0.000000
0.002838
0.000000
0.000000
0.000000
0.000000
0.000000
0.000000
0.000000
0.000000
0.000000
0.000000
0.000000
0.000000
0.000000
0.000000
0.000000
0.000000
0.000000
0.000000
0.000000
0.000000
0.000000
0.000000
0.000000
0.000000
0.000000
0.000000
0.000000
0.000000
0.000000
0.000000
0.000000
0.000000
0.000000
0.000000
0.000000
0.000000
0.000000
0.000000
0.000000
0.000000
0.000000
0.000000
0.000000
0.000000
0.000000
0.000000
0.000000
0.000000
0.000000
0.000000
0.000000
0.000000
0.000000
0.000000
0.000000
0.000000
0.000000
0.000000
0.000000
0.000000
0.000000
0.000000
0.000000
0.000000
0.001688
0.001913
0.000000
0.000000
0.000000
0.000000
0.000000
0.000000
0.000000
0.001596
0.000000
0.000000
0.000000
0.000000
0.002494
0.000000
0.000000
0.001471
0.000000
0.000000
0.000000
0.000000
0.000000
0.000000
0.002932
0.002608
0.000000
0.000000
0.000000
0.000000
0.000000
0.000000
0.000000
0.000000
0.000000
0.000000
0.000000
0.000000
0.000000
0.000000
0.000000
0.000000
0.000000
0.000000
0.000000
0.000000
0.000000
0.000000
0.000000
0.000000
0.000000
0.000000
0.000000
0.000000
0.000000
0.000000
0.000000
0.000000
0.000000
0.000000
0.000000
0.000000
0.000000
0.000000
0.000000
0.000000
0.001835
0.000000
0.000000
0.000000
0.000000
0.000000
0.000000
0.000000
0.000000
0.000000
0.002498
0.000000
0.000000
0.000000
0.000000
0.000000
0.000000
0.000000
0.000000
0.000000
0.000000
0.000000
0.000000
0.000000
0.000000
0.000000
0.000000
0.000000
0.000000
0.000000
0.000000
0.000000
0.000000
0.001960
0.000000
0.000000
0.000000
0.000000
0.000000
0.001419
0.000000
0.000000
0.000000
0.000000
0.000000
0.000000
0.002281
0.000000
0.000000
0.000000
0.001987
0.000000
0.000000
0.000000
0.000000
0.000000
0.000000
0.000000
0.000000
0.000000
0.000000
0.000000
0.000000
0.001769
0.000000
0.000000
0.001625
0.000000
0.000000
0.000000
0.000000
0.000000
0.000000
0.000000
0.000000
0.000000
0.000000
0.000000
0.000000
0.000000
0.000000
0.000000
0.000000
0.000000
0.000000
0.002248
0.000000
0.000000
0.000000
0.000000
0.000000
0.000000
0.000000
0.000000
0.001649
0.000000
0.000000
0.000000
0.000000
0.000000
0.000000
0.000000
0.000000
0.000000
0.000000
0.000000
0.000000
0.000000
0.000000
0.000000
0.000000
0.000000
0.000000
0.000000
0.000000
0.000000
0.000000
0.001492
0.000000
0.000000
0.000000
0.000000
0.000000
0.000000
0.000000
0.000000
0.000000
0.000000
0.000000
0.000000
0.000000
0.000000
0.000000
0.000000
0.000000
0.000000
0.000000
0.001780
0.000000
0.000000
0.000000
0.001490
0.000000
0.000000
0.000000
0.000000
0.000000
0.000000
0.000000
0.000000
0.001437
0.000000
0.000000
0.000000
0.000000
0.000000
0.000000
0.000000
0.000000
0.000000
0.002196
0.000000
0.000000
0.000000
0.000000
0.000000
0.000000
0.000000
0.000000
0.000000
0.000000
0.000000
0.000000
0.000000
0.001408
0.000000
0.001499
0.000000
0.000000
0.000000
0.000000
0.000000
0.000000
0.000000
0.001629
0.001513
0.003629
0.000000
0.000000
0.001730
0.000000
0.000000
0.000000
0.001994
0.000000
0.000000
0.000000
0.000000
0.001629
0.000000
0.000000
0.000000
0.000000
0.002051
0.000000
0.001698
0.002600
0.000000
0.000000
0.000000
0.000000
0.000000
0.000000
0.000000
0.000000
0.000000
0.000000
0.000000
0.000000
0.000000
0.000000
0.001802
0.000000
0.000000
0.000000
0.001593
0.000000
0.000000
0.000000
0.000000
0.000000
0.000000
0.000000
0.000000
0.000000
0.000000
0.000000
0.000000
0.000000
0.000000
0.000000
0.000000
0.000000
0.002622
0.000000
0.000000
