0.000000
0.000000
0.000000
0.001237
0.000000
0.000000
0.000000
0.000000
0.000000
0.000000
0.000000
0.001372
0.000000
0.000000
0.000000
0.000000
0.000000
0.000000
0.000000
0.000000
0.000000
0.005196
0.000000
0.002303
0.000000
0.000000
0.000000
0.000000
0.000000
0.000000
0.002663
0.000000
0.000000
0.000000
0.000000
0.000000
0.000000
0.000000
0.000000
0.000000
0.000000
0.000000
0.000000
0.000000
0.000000
0.000000
0.003485
0.000000
0.000000
0.000000
0.000000
0.000000
0.000000
0.000000
0.001577
0.000000
0.000000
0.000000
0.001669
0.000000
0.000000
0.000000
0.000000
0.001612
0.000000
0.000000
0.000000
0.001777
0.001727
0.000000
0.000000
0.000000
0.000000
0.000000
0.000000
0.000000
0.000000
0.000000
0.001959
0.002106
0.000000
0.000000
0.000000
0.000000
0.001640
0.000000
0.000000
0.000000
0.000000
0.000000
0.000000
0.000000
0.001380
0.001615
0.002264
0.001289
0.000000
0.000000
0.000000
0.000000
0.001618
0.000000
0.000000
0.000000
0.000000
0.000000
0.000000
0.000000
0.000000
0.000000
0.001993
0.000000
0.000000
0.002704
0.000000
0.001892
0.000000
0.000000
0.002605
0.000000
0.000000
0.000000
0.000000
0.000000
0.000000
0.001820
0.000000
0.002446
0.000000
0.000000
0.000000
0.001265
0.000000
0.000000
0.000000
0.000000
0.000000
0.000000
0.000000
0.000000
0.000000
0.001443
0.000000
0.000000
0.000000
0.000000
0.000000
0.003168
0.001356
0.000000
0.000000
0.000000
0.000000
0.000000
0.000000
0.000000
0.000000
0.000000
0.000000
0.000000
0.000000
0.001515
0.002114
0.000000
0.000000
0.000000
0.000000
0.000000
0.000000
0.000000
0.000000
0.000000
0.000000
0.000000
0.000000
0.000000
0.000000
0.000000
0.000000
0.000000
0.000000
0.000000
0.000000
0.001890
0.000000
0.000000
0.001415
0.001886
0.000000
0.000000
0.000000
0.002631
0.000000
0.000000
0.001458
0.000000
0.000000
0.003100
0.000000
0.000000
0.000000
0.000000
0.001431
0.000000
0.000000
0.000000
0.000000
0.000000
0.000000
0.002246
0.000000
0.000000
0.000000
0.000000
0.000000
0.000000
0.000000
0.000000
0.000000
0.000000
0.000000
0.000000
0.000000
0.000000
0.000000
0.000000
0.001441
0.000000
0.000000
0.000000
0.000000
0.000000
0.000000
0.001637
0.000000
0.001293
0.000000
0.000000
0.000000
0.000000
0.000000
0.000000
0.001636
0.000000
0.000000
0.000000
0.000000
0.000000
0.000000
0.000000
0.000000
0.000000
0.000000
0.000000
0.000000
0.000000
0.000000
0.000000
0.000000
0.000000
0.000000
0.000000
0.000000
0.000000
0.000000
0.001465
0.000000
0.000000
0.000000
0.000000
0.000000
0.000000
0.000000
0.000000
0.000000
0.001494
0.000000
0.000000
0.001388
0.000000
0.000000
0.000000
0.000000
0.000000
0.000000
0.000000
0.000000
0.000000
0.000000
0.000000
0.000000
0.000000
0.000000
0.000000
0.000000
0.000000
0.000000
0.000000
0.000000
0.000000
0.000000
0.001870
0.000000
0.000000
0.000000
0.000000
0.000000
0.000000
0.000000
0.000000
0.000000
0.000000
0.000000
0.000000
0.000000
0.000000
0.000000
0.000000
0.000000
0.002790
0.000000
0.000000
0.000000
0.000000
0.000000
0.000000
0.000000
0.002023
0.000000
0.000000
0.000000
0.000000
0.000000
0.000000
0.000000
0.000000
0.000000
0.000000
0.000000
0.000000
0.000000
0.000000
0.001271
0.000000
0.000000
0.000000
0.000000
0.000000
0.000000
0.000000
0.001759
0.000000
0.001470
0.001800
0.001608
0.000000
0.001380
0.000000
0.001739
0.000000
0.000000
0.000000
0.000000
0.000000
0.001345
0.000000
0.000000
0.000000
0.000000
0.000000
0.000000
0.000000
0.000000
0.000000
0.000000
0.000000
0.000000
0.001584
0.000000
0.000000
0.000000
0.000000
0.000000
0.000000
0.000000
0.000000
0.000000
0.000000
0.000000
0.000000
0.000000
0.000000
0.000000
0.000000
0.000000
0.001381
0.002022
0.000000
0.000000
0.000000
0.000000
0.000000
0.001943
0.001507
0.001635
0.000000
0.000000
0.000000
0.000000
0.000000
0.000000
0.000000
0.000000
0.000000
0.000000
0.000000
0.000000
0.000000
0.000000
0.000000
0.000000
0.000000
0.000000
0.000000
0.000000
0.000000
0.000000
0.000000
0.000000
0.000000
0.000000
0.000000
0.000000
0.000000
0.000000
0.000000
0.000000
0.000000
0.000000
0.000000
0.000000
0.000000
0.000000
0.000000
0.000000
0.000000
0.000000
0.000000
0.000000
0.000000
0.000000
0.000000
0.000000
0.000000
0.000000
0.000000
0.000000
0.000000
0.000000
0.000000
0.000000
0.000000
0.000000
0.000000
0.000000
0.001696
0.000000
0.000000
0.000000
0.000000
0.002713
0.001349
0.000000
0.000000
0.001520
0.000000
0.000000
0.000000
0.000000
0.000000
0.000000
0.000000
0.000000
0.002023
0.000000
0.000000
0.000000
0.000000
0.000000
0.000000
0.000000
0.000000
0.000000
0.000000
0.000000
0.000000
0.000000
0.000000
0.000000
0.000000
0.000000
0.000000
0.000000
0.000000
0.000000
0.000000
0.000000
0.000000
0.001508
0.000000
0.000000
0.000000
0.000000
0.000000
0.000000
0.000000
0.000000
0.001805
0.000000
0.000000
0.000000
0.001482
0.000000
0.000000
0.000000
0.000000
0.000000
0.000000
0.000000
0.001835
0.000000
0.000000
0.000000
0.000000
0.000000
0.000000
0.000000
0.000000
0.000000
0.000000
0.000000
0.000000
0.000000
0.000000
0.000000
0.000000
0.000000
0.000000
0.000000
0.000000
0.000000
0.000000
0.000000
0.000000
0.000000
0.001301
0.000000
0.000000
0.000000
0.000000
0.000000
0.000000
0.000000
0.000000
0.000000
0.000000
0.000000
0.001520
0.000000
0.000000
0.000000
0.000000
0.000000
0.000000
0.000000
0.000000
0.000000
0.002158
0.002448
0.000000
0.000000
0.000000
0.000000
0.001649
0.000000
0.001985
0.000000
0.000000
0.000000
0.000000
0.000000
0.000000
0.001307
0.000000
0.000000
0.000000
0.002371
0.002168
0.000000
0.000000
0.000000
0.001237
0.000000
0.000000
0.000000
0.000000
0.000000
0.000000
0.000000
0.000000
0.000000
0.000000
0.000000
0.000000
0.000000
0.000000
0.000000
0.000000
0.000000
0.000000
0.000000
0.000000
0.000000
0.001504
0.000000
0.000000
0.000000
0.000000
0.000000
0.000000
0.000000
0.000000
0.000000
0.000000
0.000000
0.000000
0.000000
0.000000
0.000000
0.003047
0.000000
0.000000
0.000000
0.000000
0.000000
0.000000
0.001265
0.000000
0.001648
0.000000
0.000000
0.000000
0.000000
0.000000
0.000000
0.001384
0.000000
0.000000
0.000000
0.000000
0.000000
0.000000
0.000000
0.000000
0.000000
0.000000
0.000000
0.000000
0.000000
0.000000
0.001578
0.000000
0.000000
0.000000
0.000000
0.000000
0.000000
0.000000
0.001910
0.001558
0.000000
0.000000
0.000000
0.000000
0.000000
0.000000
0.000000
0.000000
0.000000
0.000000
0.000000
0.002643
0.000000
0.000000
0.000000
0.000000
0.000000
0.000000
0.001240
0.000000
0.000000
0.001594
0.000000
0.000000
0.001315
0.000000
0.000000
0.001409
0.000000
0.000000
0.000000
0.000000
0.000000
0.000000
0.000000
0.000000
0.000000
0.000000
0.000000
0.001542
0.000000
0.000000
0.000000
0.000000
0.000000
0.000000
0.000000
0.000000
0.001290
0.000000
0.000000
0.000000
0.000000
0.000000
0.000000
0.000000
0.000000
0.000000
0.000000
0.002432
0.000000
0.000000
0.000000
0.000000
0.000000
0.000000
0.000000
0.000000
0.000000
0.000000
0.000000
0.002422
0.001393
0.000000
0.000000
0.000000
0.000000
0.001676
0.000000
0.000000
0.000000
0.001852
0.000000
0.000000
0.000000
0.000000
0.000000
0.000000
0.000000
0.000000
0.000000
0.002024
0.000000
0.000000
0.000000
0.000000
0.000000
0.000000
0.000000
0.000000
0.000000
0.001376
0.000000
0.001303
0.000000
0.002546
0.000000
0.000000
0.002420
0.000000
0.000000
0.000000
0.000000
0.001494
0.002083
0.000000
0.001720
0.000000
0.000000
0.002345
0.000000
0.000000
0.000000
0.000000
0.000000
0.000000
0.000000
0.000000
0.002252
0.000000
0.000000
0.002050
0.001234
0.000000
0.000000
0.000000
0.000000
0.000000
0.000000
0.000000
0.000000
0.000000
0.000000
0.000000
0.000000
0.000000
0.000000
0.000000
0.000000
0.001920
0.000000
0.000000
0.000000
0.000000
0.000000
0.002347
0.000000
0.000000
0.000000
0.000000
0.000000
0.000000
0.000000
0.000000
0.000000
0.000000
0.001335
0.000000
0.000000
0.000000
0.000000
0.000000
0.000000
0.000000
0.000000
0.000000
0.000000
0.001258
0.000000
0.000000
0.000000
0.000000
0.000000
0.000000
0.000000
0.000000
0.000000
0.000000
0.000000
0.002405
0.000000
0.000000
0.000000
0.000000
0.000000
0.000000
0.000000
0.000000
0.000000
0.003460
0.000000
0.000000
0.000000
0.000000
0.000000
0.000000
0.000000
0.000000
0.000000
0.001499
0.000000
0.000000
0.002077
0.000000
0.000000
0.000000
0.000000
0.002104
0.001555
0.000000
0.000000
0.001849
0.000000
0.000000
0.000000
0.000000
0.000000
0.000000
0.000000
0.000000
0.000000
0.000000
0.000000
0.000000
0.000000
0.000000
0.001462
0.000000
0.000000
0.001246
0.002601
0.000000
0.000000
0.000000
0.000000
0.000000
0.000000
0.000000
0.000000
0.000000
0.000000
0.000000
0.000000
0.000000
0.000000
0.001807
0.000000
0.000000
0.000000
0.000000
0.000000
0.000000
0.000000
0.000000
0.000000
0.000000
0.003242
0.000000
0.000000
0.000000
0.000000
0.000000
0.000000
0.000000
0.000000
0.001599
0.000000
0.000000
0.001816
0.000000
0.001387
0.000000
0.000000
0.000000
0.000000
0.000000
0.000000
0.000000
0.000000
0.000000
0.000000
0.000000
0.000000
0.000000
0.004226
0.000000
0.000000
0.000000
0.001908
0.000000
0.000000
0.000000
0.000000
0.000000
0.000000
0.000000
0.000000
0.000000
0.000000
0.000000
0.000000
0.000000
0.000000
0.067488
0.000000
0.000000
0.001561
0.000000
0.000000
0.000000
0.001991
0.000000
0.000000
0.000000
0.000000
0.000000
0.000000
0.000000
0.000000
0.000000
0.000000
0.000000
0.000000
0.000000
0.000000
0.000000
0.000000
0.000000
0.000000
0.000000
0.000000
0.000000
0.000000
0.000000
0.000000
0.000000
0.000000
0.001864
0.000000
0.000000
0.000000
0.000000
0.001773
0.000000
0.000000
0.000000
0.000000
0.000000
0.001381
0.000000
0.000000
0.000000
0.000000
0.000000
0.000000
0.000000
0.000000
0.000000
0.001284
0.000000
0.000000
0.000000
0.002322
0.000000
0.000000
0.000000
0.000000
0.002518
0.000000
0.000000
0.000000
0.000000
0.000000
0.000000
0.000000
0.000000
0.000000
0.001540
0.001409
0.000000
0.000000
0.000000
0.000000
0.000000
0.000000
0.000000
0.000000
0.001289
0.002093
0.000000
0.000000
0.001226
0.000000
0.000000
0.000000
0.000000
0.000000
0.000000
0.000000
0.000000
0.000000
0.000000
0.000000
0.000000
0.000000
0.000000
0.000000
0.000000
0.001412
0.000000
0.000000
0.000000
0.000000
0.000000
0.000000
0.000000
0.000000
0.000000
0.000000
0.000000
0.000000
0.000000
0.000000
0.001286
0.000000
0.000000
0.000000
0.000000
0.001349
0.000000
0.000000
0.000000
0.001224
0.000000
0.000000
0.000000
0.001567
0.000000
0.000000
0.000000
0.000000
0.000000
0.000000
0.000000
0.000000
0.000000
0.000000
0.000000
0.000000
0.000000
0.000000
0.000000
0.000000
0.000000
0.003942
0.001379
0.001785
0.000000
0.000000
0.000000
0.000000
0.000000
0.000000
0.000000
0.002925
0.000000
0.000000
0.000000
0.000000
0.000000
0.000000
0.000000
0.000000
0.000000
0.000000
0.000000
0.000000
0.002213
0.002275
0.000000
0.003506
0.000000
0.001547
0.000000
0.000000
0.000000
0.001454
0.000000
0.000000
0.002125
0.000000
0.000000
0.001701
0.000000
0.000000
0.000000
0.000000
0.001428
0.000000
0.000000
0.000000
0.000000
0.000000
0.000000
0.000000
0.000000
0.000000
0.000000
0.000000
0.000000
0.001574
0.004139
0.000000
0.002489
0.001461
0.000000
0.000000
0.001477
0.000000
0.001877
0.000000
0.000000
0.000000
0.000000
0.001751
0.000000
0.000000
0.000000
0.000000
0.000000
0.000000
0.000000
0.000000
0.000000
0.000000
0.000000
0.000000
0.000000
0.000000
0.000000
0.000000
0.000000
0.000000
0.001969
0.000000
0.000000
0.001780
0.000000
0.000000
0.001990
0.000000
0.000000
0.000000
0.001715
0.000000
0.000000
0.000000
0.000000
0.000000
0.000000
0.000000
0.000000
0.001309
0.000000
0.000000
0.000000
0.000000
0.000000
0.000000
0.001607
0.001337
0.000000
0.000000
0.000000
0.002303
0.000000
0.000000
0.000000
0.000000
0.000000
0.000000
0.000000
0.000000
0.000000
0.000000
0.000000
0.000000
0.000000
0.000000
0.000000
0.000000
0.000000
0.000000
0.001440
0.000000
0.000000
0.000000
0.000000
0.000000
0.000000
0.000000
0.000000
0.000000
0.000000
0.000000
0.001354
0.000000
0.000000
0.000000
0.000000
0.000000
0.000000
0.000000
0.000000
0.000000
0.000000
0.000000
0.000000
0.001512
0.000000
0.000000
0.000000
0.000000
0.000000
0.000000
0.000000
0.000000
0.000000
0.000000
0.000000
0.000000
0.001597
0.000000
0.000000
0.001756
0.000000
0.000000
0.000000
0.000000
0.000000
0.000000
0.000000
0.000000
0.000000
0.000000
0.001720
0.001618
0.000000
0.000000
0.000000
0.000000
0.000000
0.000000
0.000000
0.000000
0.000000
0.000000
0.000000
0.000000
0.000000
0.000000
0.000000
0.000000
0.000000
0.000000
0.000000
0.001361
0.000000
0.000000
0.000000
0.000000
0.000000
0.002641
0.000000
0.000000
0.000000
0.001954
0.000000
0.001328
0.000000
0.000000
0.000000
0.001334
0.000000
0.000000
0.000000
0.001643
0.000000
0.000000
0.000000
0.000000
0.000000
0.000000
0.000000
0.000000
0.000000
0.001447
0.000000
0.002151
0.000000
0.000000
0.000000
0.000000
0.000000
0.000000
0.000000
0.000000
0.000000
0.000000
0.002192
0.000000
0.000000
0.001265
0.000000
0.000000
0.000000
0.000000
0.000000
0.000000
0.000000
0.000000
0.000000
0.000000
0.000000
0.000000
0.000000
0.000000
0.000000
0.000000
0.000000
0.000000
0.001321
0.000000
0.000000
0.000000
0.000000
0.000000
0.000000
0.000000
0.000000
0.000000
0.000000
0.001367
0.000000
0.000000
0.000000
0.000000
0.000000
0.000000
0.000000
0.000000
0.000000
0.001554
0.000000
0.000000
0.000000
0.000000
0.000000
0.000000
0.000000
0.000000
0.000000
0.000000
0.000000
0.000000
0.000000
0.000000
0.000000
0.000000
0.000000
0.000000
0.000000
0.000000
0.000000
0.000000
0.000000
0.000000
0.000000
0.000000
0.000000
0.000000
0.000000
0.000000
0.001232
0.000000
0.000000
0.000000
0.000000
0.000000
0.000000
0.000000
0.000000
0.000000
0.000000
0.000000
0.000000
0.000000
0.000000
0.000000
0.000000
0.000000
0.000000
0.000000
0.000000
0.000000
0.000000
0.001984
0.000000
0.000000
0.000000
0.000000
0.000000
0.000000
0.000000
0.000000
0.000000
0.001274
0.002135
0.000000
0.000000
0.000000
0.000000
0.001451
0.000000
0.001700
0.000000
0.000000
0.000000
0.000000
0.000000
0.000000
0.000000
0.000000
0.000000
0.000000
0.000000
0.000000
0.000000
0.000000
0.002714
0.000000
0.000000
0.000000
0.000000
0.000000
0.000000
0.002034
0.000000
0.000000
0.000000
0.000000
0.000000
0.000000
0.000000
0.000000
0.000000
0.000000
0.000000
0.000000
0.000000
0.000000
0.000000
0.000000
0.000000
0.000000
0.000000
0.000000
0.002398
0.000000
0.002379
0.000000
0.001861
0.000000
0.002361
0.001272
0.000000
0.000000
0.000000
0.000000
0.000000
0.002497
0.000000
0.000000
0.000000
0.000000
0.001806
0.000000
0.001972
0.000000
0.000000
0.000000
0.000000
0.000000
0.000000
0.000000
0.000000
0.000000
0.000000
0.000000
0.000000
0.000000
0.000000
0.000000
0.000000
0.000000
0.000000
0.000000
0.000000
0.000000
0.000000
0.000000
0.000000
0.000000
0.000000
0.000000
0.000000
0.002049
0.000000
0.000000
0.000000
0.000000
0.000000
0.000000
0.000000
0.000000
0.000000
0.000000
0.000000
0.000000
0.000000
0.000000
0.000000
0.000000
0.000000
0.000000
0.000000
0.000000
0.000000
0.000000
0.000000
0.000000
0.000000
0.000000
0.000000
0.000000
0.000000
0.000000
0.000000
0.000000
0.000000
0.000000
0.000000
0.000000
0.000000
0.000000
0.001736
0.000000
0.000000
0.000000
0.000000
0.000000
0.000000
0.000000
0.000000
0.001561
0.000000
0.000000
0.000000
0.000000
0.001744
0.001932
0.000000
0.000000
0.000000
0.000000
0.000000
0.000000
0.000000
0.000000
0.000000
0.003066
0.000000
0.000000
0.000000
0.001992
0.000000
0.001745
0.000000
0.000000
0.000000
0.001720
0.000000
0.000000
0.000000
0.000000
0.000000
0.000000
0.000000
0.000000
0.000000
0.000000
0.000000
0.000000
0.001416
0.000000
0.000000
0.001685
0.000000
0.000000
0.001316
0.000000
0.000000
0.000000
0.000000
0.000000
0.000000
0.000000
0.000000
0.000000
0.000000
0.002316
0.000000
0.000000
0.000000
0.000000
0.000000
0.000000
0.000000
0.000000
0.001631
0.000000
0.000000
0.000000
0.000000
0.000000
0.000000
0.000000
0.000000
0.000000
0.000000
0.001438
0.000000
0.000000
0.000000
0.000000
0.000000
0.000000
0.001975
0.000000
0.000000
0.000000
0.000000
0.000000
0.000000
0.000000
0.000000
0.000000
0.000000
0.000000
0.000000
0.000000
0.000000
0.000000
0.000000
0.000000
0.000000
0.000000
0.000000
0.000000
0.000000
0.000000
0.002032
0.000000
0.000000
0.001564
0.000000
0.000000
0.000000
0.001617
0.000000
0.000000
0.000000
0.000000
0.000000
0.000000
0.000000
0.001591
0.000000
0.000000
0.000000
0.000000
0.000000
0.000000
0.001412
0.000000
0.000000
0.000000
0.000000
0.000000
0.000000
0.001595
0.000000
0.000000
0.000000
0.000000
0.000000
0.000000
0.000000
0.000000
0.000000
0.000000
0.000000
0.000000
0.000000
0.000000
0.000000
0.001961
0.001257
0.000000
0.001462
0.000000
0.000000
0.000000
0.000000
0.000000
0.000000
0.000000
0.000000
0.000000
0.000000
0.000000
0.000000
0.000000
0.000000
0.000000
0.000000
0.000000
0.000000
0.000000
0.000000
0.000000
0.000000
0.001520
0.000000
0.000000
0.000000
0.001436
0.000000
0.000000
0.000000
0.000000
0.000000
0.000000
0.000000
0.000000
0.000000
0.001820
0.000000
0.000000
0.000000
0.001607
0.000000
0.000000
0.000000
0.000000
0.000000
0.002765
0.000000
0.000000
0.000000
0.000000
0.000000
0.000000
0.000000
0.000000
0.000000
0.000000
0.000000
0.001297
0.000000
0.000000
0.000000
0.000000
0.000000
0.000000
0.001732
0.000000
0.000000
0.000000
0.000000
0.000000
0.000000
0.000000
0.000000
0.001423
0.000000
0.000000
0.001746
0.000000
0.000000
0.000000
0.000000
0.000000
0.000000
0.000000
0.000000
0.000000
0.000000
0.000000
0.000000
0.001290
0.000000
0.000000
0.000000
0.000000
0.000000
0.000000
0.000000
0.000000
0.000000
0.000000
0.000000
0.000000
0.000000
0.002207
0.000000
0.000000
0.000000
0.001245
0.000000
0.000000
0.000000
0.000000
0.000000
0.000000
0.000000
0.000000
0.000000
0.000000
0.000000
0.000000
0.000000
0.001756
0.000000
0.000000
0.000000
0.001862
0.000000
0.000000
0.000000
0.000000
0.000000
0.000000
0.000000
0.000000
0.000000
0.000000
0.000000
0.001275
0.001512
0.000000
0.000000
0.000000
0.000000
0.000000
0.000000
0.000000
0.000000
0.000000
0.000000
0.000000
0.000000
0.000000
0.000000
0.000000
0.000000
0.000000
0.000000
0.000000
0.000000
0.000000
0.000000
0.000000
0.000000
0.000000
0.000000
0.000000
0.000000
0.000000
0.000000
0.000000
0.000000
0.000000
0.000000
0.000000
0.000000
0.000000
0.000000
0.000000
0.000000
0.000000
0.000000
0.000000
0.000000
0.000000
0.000000
0.000000
0.000000
0.000000
0.000000
0.000000
0.000000
0.000000
0.000000
0.000000
0.001242
0.000000
0.000000
0.001384
0.000000
0.000000
0.000000
0.000000
0.000000
0.000000
0.000000
0.000000
0.000000
0.000000
0.001600
0.000000
0.000000
0.000000
0.000000
0.000000
0.000000
0.000000
0.000000
0.000000
0.000000
0.002320
0.000000
0.001864
0.000000
0.000000
0.001621
0.000000
0.000000
0.000000
0.000000
0.000000
0.000000
0.000000
0.000000
0.000000
0.000000
0.000000
0.000000
0.000000
0.000000
0.000000
0.000000
0.000000
0.000000
0.000000
0.000000
0.000000
0.001389
0.000000
0.000000
0.000000
0.001548
0.000000
0.002013
0.001388
0.000000
0.000000
0.000000
0.000000
0.000000
0.001235
0.000000
0.000000
0.000000
0.000000
0.000000
0.000000
0.000000
0.000000
0.000000
0.000000
0.001354
0.000000
0.000000
0.000000
0.000000
0.000000
0.000000
0.000000
0.000000
0.000000
0.001543
0.000000
0.000000
0.000000
0.000000
0.002135
0.000000
0.000000
0.000000
0.000000
0.000000
0.000000
0.000000
0.000000
0.001356
0.000000
0.000000
0.000000
0.000000
0.001429
0.000000
0.001593
0.001380
0.000000
0.001374
0.002782
0.000000
0.000000
0.000000
0.000000
0.000000
0.001291
0.000000
0.001272
0.000000
0.000000
0.000000
0.000000
0.000000
0.000000
0.001747
0.000000
0.000000
0.000000
0.000000
0.000000
0.000000
0.000000
0.000000
0.000000
0.000000
0.000000
0.000000
0.000000
0.000000
0.000000
0.000000
0.000000
0.000000
0.000000
0.001758
0.000000
0.000000
0.000000
0.000000
0.000000
0.000000
0.000000
0.000000
0.001682
0.000000
0.000000
0.000000
0.001429
0.000000
0.000000
0.000000
0.000000
0.000000
0.001490
0.000000
0.000000
0.000000
0.000000
0.000000
0.000000
0.000000
0.000000
0.000000
0.002767
0.000000
0.000000
0.000000
0.000000
0.000000
0.000000
0.000000
0.001709
0.000000
0.000000
0.000000
0.000000
0.000000
0.000000
0.000000
0.001825
0.000000
0.001308
0.000000
0.000000
0.000000
0.000000
0.000000
0.000000
0.000000
0.000000
0.000000
0.000000
0.000000
0.000000
0.000000
0.000000
0.003213
0.000000
0.001776
0.000000
0.000000
0.000000
0.000000
0.000000
0.000000
0.000000
0.003441
0.000000
0.000000
0.000000
0.000000
0.000000
0.000000
0.000000
0.000000
0.000000
0.000000
0.000000
0.000000
0.000000
0.001430
0.000000
0.002660
0.000000
0.000000
0.000000
0.000000
0.000000
0.000000
0.002115
0.000000
0.001832
0.000000
0.000000
0.000000
0.000000
0.000000
0.000000
0.000000
0.000000
0.000000
0.002972
0.000000
0.000000
0.000000
0.000000
0.000000
0.001758
0.000000
0.000000
0.000000
0.000000
0.000000
0.000000
0.000000
0.000000
0.000000
0.000000
0.000000
0.000000
0.001503
0.000000
0.000000
0.000000
0.000000
0.001792
0.000000
0.000000
0.000000
0.000000
0.000000
0.000000
0.000000
0.000000
0.000000
0.001869
0.000000
0.000000
0.000000
0.000000
0.000000
0.000000
0.000000
0.000000
0.000000
0.000000
0.002011
0.000000
0.000000
0.000000
0.000000
0.000000
0.000000
0.000000
0.000000
0.000000
0.000000
0.000000
0.000000
0.001408
0.000000
0.000000
0.000000
0.000000
0.000000
0.000000
0.000000
0.000000
0.000000
0.000000
0.000000
0.001605
0.000000
0.001494
0.000000
0.000000
0.000000
0.000000
0.000000
0.000000
0.000000
0.000000
0.000000
0.000000
0.000000
0.001661
0.000000
0.000000
0.000000
0.000000
0.000000
0.000000
0.000000
0.000000
0.001686
0.000000
0.000000
0.001370
0.000000
0.000000
0.000000
0.000000
0.000000
0.001385
0.000000
0.000000
0.001398
0.000000
0.000000
0.000000
0.000000
0.000000
0.000000
0.000000
0.000000
0.000000
0.001535
0.000000
0.000000
0.000000
0.000000
0.000000
0.000000
0.000000
0.000000
0.001858
0.000000
0.000000
0.000000
0.001543
0.000000
0.000000
0.000000
0.000000
0.000000
0.000000
0.000000
0.000000
0.000000
0.000000
0.000000
0.000000
0.000000
0.000000
0.000000
0.000000
0.000000
0.000000
0.000000
0.000000
0.000000
0.000000
0.000000
0.000000
0.000000
0.001597
0.000000
0.000000
0.000000
0.000000
0.000000
0.000000
0.000000
0.000000
0.000000
0.000000
0.000000
0.000000
0.000000
0.000000
0.000000
0.000000
0.000000
0.000000
0.000000
0.000000
0.000000
0.000000
0.000000
0.001739
0.000000
0.000000
0.000000
0.000000
0.002061
0.000000
0.000000
0.000000
0.000000
0.000000
0.000000
0.000000
0.000000
0.000000
0.000000
0.000000
0.000000
0.000000
0.000000
0.000000
0.000000
0.000000
0.000000
0.000000
0.000000
0.000000
0.000000
0.000000
0.000000
0.000000
0.000000
0.000000
0.000000
0.001767
0.000000
0.000000
0.000000
0.000000
0.000000
0.000000
0.000000
0.001288
0.000000
0.000000
0.001474
0.000000
0.000000
0.000000
0.000000
0.000000
0.000000
0.000000
0.000000
0.000000
0.000000
0.000000
0.000000
0.000000
0.000000
0.000000
0.000000
0.000000
0.000000
0.000000
0.000000
0.000000
0.000000
0.000000
0.001587
0.000000
0.000000
0.000000
0.000000
0.000000
0.000000
0.000000
0.000000
0.000000
0.000000
0.000000
0.001572
0.000000
0.000000
0.000000
0.000000
0.000000
0.000000
0.000000
0.001225
0.000000
0.000000
0.000000
0.000000
0.000000
0.000000
0.000000
0.000000
0.000000
0.000000
0.000000
0.003186
0.000000
0.000000
0.000000
0.000000
0.000000
0.000000
0.000000
0.001296
0.000000
0.000000
0.000000
0.000000
0.000000
0.000000
0.000000
0.000000
0.000000
0.000000
0.000000
0.000000
0.000000
0.000000
0.001509
0.000000
0.000000
0.001441
0.002224
0.000000
0.000000
0.001989
0.000000
0.000000
0.001544
0.000000
0.000000
0.000000
0.000000
0.000000
0.000000
0.000000
0.001228
0.000000
0.000000
0.000000
0.003013
0.001400
0.000000
0.000000
0.000000
0.000000
0.001284
0.000000
0.000000
0.000000
0.000000
0.000000
0.000000
0.000000
0.001676
0.000000
0.000000
0.000000
0.000000
0.000000
0.000000
0.000000
0.000000
0.000000
0.000000
0.000000
0.000000
0.000000
0.000000
0.000000
0.000000
0.000000
0.000000
0.000000
0.000000
0.001321
0.000000
0.000000
0.000000
0.001958
0.000000
0.000000
0.000000
0.001311
0.000000
0.000000
0.000000
0.000000
0.002535
0.000000
0.002396
0.000000
0.001684
0.000000
0.000000
0.000000
0.001567
0.000000
0.000000
0.001784
0.000000
0.000000
0.000000
0.000000
0.000000
0.000000
0.000000
0.000000
0.000000
0.001350
0.000000
0.000000
0.000000
0.001373
0.000000
0.000000
0.000000
0.000000
0.000000
0.000000
0.000000
0.001664
0.002791
0.000000
0.000000
0.000000
0.000000
0.000000
0.000000
0.000000
0.000000
0.000000
0.000000
0.000000
0.000000
0.000000
0.000000
0.000000
0.000000
0.000000
0.000000
0.000000
0.000000
0.000000
0.000000
0.000000
0.000000
0.002358
0.000000
0.000000
0.000000
0.000000
0.000000
0.000000
0.000000
0.000000
0.000000
0.001508
0.000000
0.000000
0.000000
0.000000
0.000000
0.000000
0.000000
0.001849
0.000000
0.000000
0.000000
0.001271
0.000000
0.000000
0.000000
0.000000
0.000000
0.000000
0.000000
0.000000
0.000000
0.000000
0.000000
0.000000
0.000000
0.000000
0.000000
0.000000
0.000000
0.000000
0.000000
0.001443
0.001297
0.000000
0.000000
0.000000
0.000000
0.000000
0.000000
0.000000
0.000000
0.000000
0.000000
0.000000
0.000000
0.000000
0.000000
0.000000
0.000000
0.000000
0.000000
0.001554
0.000000
0.001231
0.000000
0.000000
0.000000
0.000000
0.001272
0.000000
0.002222
0.000000
0.000000
0.000000
0.000000
0.000000
0.000000
0.000000
0.000000
0.000000
0.000000
0.000000
0.000000
0.000000
0.000000
0.000000
0.000000
0.000000
0.001509
0.000000
0.000000
0.001737
0.000000
0.000000
0.000000
0.000000
0.000000
0.000000
0.000000
0.000000
0.000000
0.000000
0.000000
0.000000
0.000000
0.000000
0.000000
0.000000
0.000000
0.000000
0.000000
0.000000
0.001342
0.000000
0.000000
0.000000
0.000000
0.001274
0.000000
0.000000
0.000000
0.000000
0.000000
0.000000
0.000000
0.000000
0.000000
0.000000
0.000000
0.002263
0.001338
0.000000
0.000000
0.000000
0.000000
0.000000
0.000000
0.000000
0.000000
0.000000
0.000000
0.000000
0.000000
0.000000
0.000000
0.000000
0.001522
0.000000
0.000000
0.000000
0.000000
0.000000
0.000000
0.001285
0.000000
0.001707
0.000000
0.000000
0.000000
0.000000
0.000000
0.001316
0.000000
0.000000
0.000000
0.000000
0.000000
0.001436
0.000000
0.000000
0.000000
0.000000
0.000000
0.000000
0.000000
0.000000
0.000000
0.000000
0.001446
0.001329
0.000000
0.001416
0.001334
0.000000
0.000000
0.000000
0.000000
0.001265
0.000000
0.001707
0.000000
0.000000
0.000000
0.000000
0.000000
0.000000
0.000000
0.000000
0.000000
0.000000
0.000000
0.000000
0.000000
0.000000
0.000000
0.000000
0.000000
0.000000
0.000000
0.000000
0.000000
0.001937
0.000000
0.000000
0.001441
0.002065
0.004079
0.000000
0.000000
0.000000
0.000000
0.000000
0.001967
0.000000
0.000000
0.000000
0.000000
0.000000
0.000000
0.000000
0.000000
0.003481
0.000000
0.000000
0.000000
0.000000
0.000000
0.000000
0.000000
0.001827
0.000000
0.000000
0.000000
0.000000
0.000000
0.000000
0.001835
0.000000
0.000000
0.000000
0.000000
0.000000
0.000000
0.000000
0.000000
0.000000
0.000000
0.000000
0.000000
0.000000
0.001695
0.000000
0.000000
0.000000
0.000000
0.000000
0.000000
0.000000
0.000000
0.001312
0.000000
0.000000
0.000000
0.000000
0.000000
0.000000
0.000000
0.000000
0.000000
0.003164
0.000000
0.000000
0.000000
0.000000
0.000000
0.000000
0.000000
0.000000
0.001469
0.000000
0.000000
0.000000
0.000000
0.000000
0.000000
0.000000
0.000000
0.000000
0.000000
0.002218
0.000000
0.000000
0.001319
0.000000
0.000000
0.000000
0.000000
0.000000
0.000000
0.000000
0.002291
0.000000
0.001295
0.000000
0.000000
0.000000
0.001636
0.000000
0.000000
0.000000
0.000000
0.000000
0.000000
0.000000
0.000000
0.000000
0.000000
0.000000
0.001328
0.000000
0.000000
0.002203
0.000000
0.000000
0.000000
0.000000
0.000000
0.001685
0.000000
0.000000
0.001290
0.001543
0.000000
0.000000
0.000000
0.000000
0.000000
0.001855
0.000000
0.000000
0.000000
0.000000
0.000000
0.000000
0.000000
0.000000
0.000000
0.000000
0.000000
0.001448
0.000000
0.001674
0.000000
0.000000
0.000000
0.000000
0.000000
0.000000
0.000000
0.000000
0.000000
0.001963
0.000000
0.000000
0.000000
0.002232
0.000000
0.000000
0.001836
0.000000
0.000000
0.000000
0.000000
0.000000
0.000000
0.000000
0.000000
0.000000
0.000000
0.000000
0.001796
0.000000
0.000000
0.000000
0.000000
0.000000
0.000000
0.000000
0.001258
0.000000
0.001472
0.000000
0.000000
0.001437
0.002116
0.000000
0.000000
0.002187
0.000000
0.000000
0.000000
0.000000
0.000000
0.000000
0.000000
0.000000
0.000000
0.000000
0.000000
0.001363
0.000000
0.000000
0.000000
0.000000
0.000000
0.000000
0.000000
0.000000
0.000000
0.001367
0.000000
0.001673
0.000000
0.000000
0.000000
0.000000
0.000000
0.000000
0.000000
0.000000
0.000000
0.000000
0.000000
0.000000
0.000000
0.000000
0.000000
0.000000
0.000000
0.000000
0.000000
0.000000
0.001874
0.000000
0.000000
0.001511
0.000000
0.002272
0.000000
0.000000
0.002639
0.000000
0.000000
0.000000
0.000000
0.000000
0.000000
0.000000
0.000000
0.001319
0.000000
0.000000
0.000000
0.000000
0.000000
0.000000
0.000000
0.000000
0.000000
0.000000
0.000000
0.000000
0.000000
0.000000
0.000000
0.000000
0.000000
0.000000
0.000000
0.000000
0.000000
0.000000
0.000000
0.000000
0.000000
0.000000
0.000000
0.000000
0.000000
0.000000
0.000000
0.000000
0.000000
0.000000
0.002967
0.000000
0.000000
0.000000
0.000000
0.000000
0.000000
0.000000
0.000000
0.000000
0.000000
0.000000
0.000000
0.000000
0.000000
0.000000
0.000000
0.001251
0.001405
0.000000
0.000000
0.000000
0.000000
0.000000
0.000000
0.000000
0.000000
0.000000
0.000000
0.000000
0.000000
0.000000
0.000000
0.000000
0.000000
0.000000
0.000000
0.002091
0.000000
0.000000
0.000000
0.000000
0.000000
0.000000
0.000000
0.000000
0.000000
0.000000
0.000000
0.000000
0.000000
0.001415
0.000000
0.000000
0.000000
0.001477
0.000000
0.000000
0.000000
0.000000
0.000000
0.000000
0.000000
0.000000
0.001303
0.000000
0.000000
0.000000
0.000000
0.000000
0.000000
0.000000
0.000000
0.000000
0.000000
0.001253
0.000000
0.000000
0.000000
0.000000
0.001345
0.000000
0.000000
0.000000
0.000000
0.001838
0.000000
0.000000
0.000000
0.000000
0.000000
0.000000
0.000000
0.000000
0.001352
0.000000
0.000000
0.000000
0.000000
0.000000
0.000000
0.000000
0.000000
0.000000
0.000000
0.002020
0.001233
0.000000
0.000000
0.000000
0.001358
0.000000
0.002032
0.000000
0.000000
0.000000
0.000000
0.001319
0.001787
0.000000
0.000000
0.000000
0.000000
0.000000
0.001413
0.000000
0.000000
0.000000
0.000000
0.000000
0.000000
0.000000
0.000000
0.000000
0.000000
0.000000
0.000000
0.000000
0.000000
0.000000
0.000000
0.000000
0.000000
0.000000
0.000000
0.001319
0.000000
0.000000
0.002188
0.000000
0.000000
0.000000
0.000000
0.002507
0.000000
0.000000
0.000000
0.000000
0.000000
0.000000
0.000000
0.000000
0.000000
0.000000
0.000000
0.000000
0.000000
0.000000
0.000000
0.000000
0.001241
0.000000
0.000000
0.000000
0.000000
0.000000
0.000000
0.000000
0.000000
0.000000
0.002014
0.000000
0.000000
0.000000
0.000000
0.000000
0.000000
0.000000
0.000000
0.001877
0.000000
0.002240
0.000000
0.000000
0.000000
0.000000
0.000000
0.000000
0.000000
0.000000
0.000000
0.000000
0.000000
0.000000
0.000000
0.000000
0.000000
0.001624
0.000000
0.000000
0.000000
0.000000
0.000000
0.000000
0.000000
0.000000
0.000000
0.000000
0.000000
0.000000
0.002445
0.000000
0.000000
0.000000
0.000000
0.000000
0.000000
0.000000
0.000000
0.000000
0.000000
0.000000
0.000000
0.000000
0.000000
0.000000
0.000000
0.000000
0.000000
0.000000
0.001265
0.000000
0.000000
0.000000
0.000000
0.000000
0.000000
0.000000
0.000000
0.000000
0.000000
0.000000
0.000000
0.000000
0.002155
0.000000
0.000000
0.000000
0.000000
0.000000
0.000000
0.000000
0.000000
0.000000
0.000000
0.000000
0.000000
0.002839
0.000000
0.000000
0.000000
0.000000
0.000000
0.000000
0.000000
0.000000
0.000000
0.000000
0.000000
0.000000
0.000000
0.000000
0.000000
0.000000
0.000000
0.000000
0.001524
0.000000
0.000000
0.000000
0.000000
0.001746
0.000000
0.000000
0.000000
0.000000
0.000000
0.001467
0.000000
0.001647
0.001588
0.000000
0.000000
0.000000
0.000000
0.000000
0.000000
0.000000
0.000000
0.000000
0.000000
0.000000
0.000000
0.001298
0.000000
0.000000
0.000000
0.000000
0.000000
0.000000
0.000000
0.001543
0.000000
0.000000
0.000000
0.000000
0.000000
0.000000
0.000000
0.003123
0.000000
0.000000
0.000000
0.000000
0.000000
0.000000
0.000000
0.000000
0.000000
0.000000
0.000000
0.000000
0.000000
0.001859
0.000000
0.000000
0.000000
0.000000
0.000000
0.000000
0.000000
0.000000
0.000000
0.000000
0.000000
0.000000
0.000000
0.000000
0.000000
0.000000
0.000000
0.000000
0.002297
0.000000
0.000000
0.000000
0.000000
0.000000
0.000000
0.000000
0.000000
0.000000
0.000000
0.002190
0.000000
0.001782
0.001244
0.000000
0.002069
0.001451
0.000000
0.000000
0.000000
0.000000
0.000000
0.000000
0.000000
0.000000
0.000000
0.000000
0.000000
0.000000
0.000000
0.000000
0.000000
0.000000
0.000000
0.001675
0.001402
0.000000
0.000000
0.000000
0.000000
0.000000
0.002420
0.000000
0.000000
0.001659
0.000000
0.001693
0.000000
0.000000
0.000000
0.000000
0.001336
0.000000
0.000000
0.000000
0.000000
0.000000
0.000000
0.000000
0.001676
0.000000
0.001830
0.000000
0.000000
0.000000
0.001549
0.001571
0.000000
0.000000
0.001317
0.000000
0.001319
0.001386
0.000000
0.000000
0.000000
0.000000
0.000000
0.000000
0.000000
0.000000
0.000000
0.000000
0.000000
0.000000
0.001572
0.000000
0.000000
0.000000
0.000000
0.000000
0.000000
0.003523
0.000000
0.000000
0.002638
0.000000
0.000000
0.000000
0.001520
0.000000
0.000000
0.000000
0.000000
0.001456
0.000000
0.000000
0.000000
0.001483
0.001534
0.000000
0.002190
0.000000
0.000000
0.000000
0.000000
0.002916
0.000000
0.000000
0.000000
0.000000
0.000000
0.000000
0.000000
0.000000
0.000000
0.000000
0.001755
0.000000
0.001456
0.000000
0.000000
0.000000
0.001734
0.000000
0.000000
0.000000
0.000000
0.000000
0.002271
0.001429
0.000000
0.000000
0.000000
0.000000
0.000000
0.000000
0.000000
0.000000
0.000000
0.001686
0.000000
0.000000
0.000000
0.000000
0.000000
0.000000
0.000000
0.000000
0.000000
0.002357
0.000000
0.000000
0.000000
0.000000
0.000000
0.000000
0.000000
0.000000
0.000000
0.002828
0.000000
0.001423
0.000000
0.000000
0.000000
0.000000
0.000000
0.000000
0.000000
0.000000
0.000000
0.000000
0.000000
0.000000
0.000000
0.002266
0.000000
0.000000
0.000000
0.000000
0.001746
0.000000
0.000000
0.001818
0.000000
0.000000
0.000000
0.000000
0.000000
0.000000
0.000000
0.000000
0.000000
0.000000
0.002615
0.000000
0.001447
0.000000
0.000000
0.000000
0.000000
0.000000
0.000000
0.002407
0.000000
0.002127
0.000000
0.001417
0.000000
0.000000
0.000000
0.003914
0.000000
0.000000
0.000000
0.000000
0.000000
0.000000
0.000000
0.000000
0.000000
0.001602
0.000000
0.000000
0.001263
0.000000
0.001268
0.000000
0.000000
0.000000
0.000000
0.000000
0.000000
0.000000
0.000000
0.000000
0.000000
0.000000
0.001383
0.000000
0.000000
0.000000
0.000000
0.000000
0.002411
0.000000
0.001476
0.000000
0.001537
0.000000
0.000000
0.000000
0.000000
0.000000
0.000000
0.000000
0.000000
0.000000
0.000000
0.000000
0.000000
0.000000
0.000000
0.002221
0.000000
0.000000
0.000000
0.000000
0.000000
0.001433
0.000000
0.000000
0.000000
0.000000
0.001268
0.000000
0.001380
0.000000
0.000000
0.000000
0.001583
0.000000
0.000000
0.000000
0.000000
0.000000
0.000000
0.000000
0.000000
0.000000
0.000000
0.000000
0.000000
0.001828
0.000000
0.000000
0.000000
0.000000
0.000000
0.000000
0.000000
0.000000
0.000000
0.000000
0.000000
0.000000
0.000000
0.000000
0.000000
0.002088
0.000000
0.000000
0.000000
0.002237
0.000000
0.000000
0.001279
0.000000
0.000000
0.000000
0.000000
0.000000
0.000000
0.000000
0.000000
0.000000
0.000000
0.000000
0.000000
0.000000
0.000000
0.001470
0.000000
0.000000
0.000000
0.000000
0.000000
0.000000
0.000000
0.000000
0.000000
0.000000
0.000000
0.000000
0.000000
0.000000
0.000000
0.000000
0.001385
0.000000
0.000000
0.000000
0.000000
0.000000
0.001634
0.000000
0.000000
0.000000
0.000000
0.000000
0.000000
0.000000
0.001284
0.000000
0.000000
