0.000000
0.000000
0.002369
0.000000
0.000000
0.000000
0.000000
0.001215
0.000000
0.000000
0.000000
0.000000
0.000000
0.000000
0.001228
0.000000
0.000000
0.000000
0.002444
0.000000
0.000000
0.006391
0.000000
0.001202
0.000000
0.000000
0.000000
0.001446
0.000000
0.001245
0.000000
0.002247
0.000000
0.000000
0.000000
0.000000
0.000000
0.000000
0.000000
0.000000
0.000000
0.000000
0.000000
0.000000
0.002051
0.000000
0.000000
0.000000
0.000000
0.000000
0.000000
0.000000
0.000000
0.000000
0.000000
0.000000
0.000000
0.000000
0.000000
0.000000
0.001283
0.001548
0.000000
0.000000
0.000000
0.001886
0.000000
0.000000
0.000000
0.000000
0.000000
0.000000
0.002188
0.000000
0.000000
0.000000
0.000000
0.000000
0.000000
0.000000
0.000000
0.000000
0.000000
0.000000
0.000000
0.000000
0.001454
0.001168
0.000000
0.000000
0.000000
0.000000
0.000000
0.000000
0.001411
0.000000
0.001399
0.001642
0.000000
0.000000
0.000000
0.000000
0.000000
0.000000
0.000000
0.000000
0.001402
0.000000
0.000000
0.000000
0.001407
0.000000
0.000000
0.000000
0.002116
0.000000
0.000000
0.001798
0.000000
0.000000
0.002150
0.000000
0.000000
0.002164
0.000000
0.000000
0.000000
0.000000
0.000000
0.000000
0.000000
0.001219
0.001305
0.000000
0.000000
0.000000
0.000000
0.000000
0.000000
0.000000
0.000000
0.001824
0.000000
0.000000
0.000000
0.000000
0.000000
0.005872
0.001341
0.001194
0.000000
0.000000
0.000000
0.000000
0.000000
0.000000
0.000000
0.001468
0.000000
0.000000
0.000000
0.000000
0.000000
0.000000
0.005490
0.000000
0.000000
0.000000
0.001714
0.000000
0.000000
0.000000
0.000000
0.000000
0.000000
0.002828
0.000000
0.000000
0.000000
0.000000
0.000000
0.000000
0.000000
0.000000
0.000000
0.000000
0.001865
0.000000
0.000000
0.000000
0.000000
0.000000
0.000000
0.000000
0.000000
0.000000
0.000000
0.002318
0.001566
0.000000
0.000000
0.000000
0.000000
0.000000
0.000000
0.000000
0.000000
0.002395
0.000000
0.000000
0.000000
0.000000
0.001550
0.000000
0.000000
0.000000
0.000000
0.000000
0.000000
0.000000
0.000000
0.000000
0.001264
0.000000
0.000000
0.000000
0.000000
0.001305
0.000000
0.000000
0.000000
0.000000
0.000000
0.000000
0.000000
0.000000
0.000000
0.000000
0.000000
0.002398
0.000000
0.000000
0.000000
0.000000
0.000000
0.001346
0.000000
0.000000
0.000000
0.000000
0.000000
0.000000
0.000000
0.000000
0.000000
0.000000
0.001318
0.000000
0.000000
0.000000
0.000000
0.000000
0.000000
0.000000
0.001376
0.000000
0.000000
0.000000
0.000000
0.000000
0.000000
0.000000
0.000000
0.000000
0.000000
0.000000
0.000000
0.000000
0.000000
0.000000
0.000000
0.000000
0.000000
0.000000
0.000000
0.000000
0.000000
0.000000
0.000000
0.001472
0.000000
0.001603
0.000000
0.002243
0.000000
0.000000
0.001622
0.000000
0.000000
0.000000
0.000000
0.000000
0.000000
0.000000
0.000000
0.000000
0.000000
0.000000
0.000000
0.000000
0.000000
0.000000
0.000000
0.001688
0.000000
0.000000
0.001292
0.000000
0.000000
0.000000
0.000000
0.000000
0.000000
0.000000
0.000000
0.000000
0.000000
0.001672
0.000000
0.000000
0.000000
0.000000
0.000000
0.000000
0.000000
0.000000
0.001647
0.000000
0.000000
0.000000
0.000000
0.000000
0.000000
0.000000
0.000000
0.000000
0.000000
0.000000
0.000000
0.002719
0.000000
0.000000
0.001778
0.000000
0.000000
0.000000
0.000000
0.000000
0.000000
0.000000
0.000000
0.000000
0.000000
0.000000
0.000000
0.000000
0.000000
0.000000
0.000000
0.000000
0.000000
0.000000
0.000000
0.000000
0.000000
0.000000
0.002266
0.000000
0.000000
0.000000
0.000000
0.000000
0.000000
0.000000
0.000000
0.000000
0.000000
0.000000
0.000000
0.000000
0.000000
0.000000
0.000000
0.000000
0.000000
0.000000
0.000000
0.001284
0.000000
0.000000
0.000000
0.000000
0.000000
0.000000
0.001601
0.000000
0.000000
0.000000
0.000000
0.000000
0.000000
0.000000
0.001527
0.000000
0.000000
0.000000
0.000000
0.000000
0.000000
0.000000
0.000000
0.000000
0.000000
0.000000
0.000000
0.000000
0.000000
0.000000
0.000000
0.000000
0.000000
0.000000
0.000000
0.000000
0.000000
0.000000
0.000000
0.000000
0.000000
0.000000
0.000000
0.000000
0.000000
0.001261
0.000000
0.000000
0.000000
0.000000
0.000000
0.000000
0.000000
0.000000
0.002116
0.000000
0.001872
0.001192
0.000000
0.000000
0.000000
0.000000
0.000000
0.000000
0.000000
0.000000
0.001287
0.000000
0.000000
0.000000
0.000000
0.000000
0.000000
0.000000
0.000000
0.000000
0.000000
0.000000
0.000000
0.000000
0.000000
0.000000
0.000000
0.000000
0.000000
0.000000
0.000000
0.000000
0.000000
0.000000
0.000000
0.000000
0.000000
0.000000
0.000000
0.000000
0.000000
0.000000
0.000000
0.001506
0.000000
0.000000
0.001175
0.001569
0.000000
0.000000
0.000000
0.000000
0.000000
0.000000
0.000000
0.001394
0.000000
0.000000
0.000000
0.000000
0.000000
0.000000
0.000000
0.000000
0.000000
0.000000
0.001464
0.000000
0.000000
0.000000
0.000000
0.000000
0.000000
0.000000
0.000000
0.000000
0.000000
0.000000
0.000000
0.000000
0.000000
0.000000
0.002086
0.000000
0.000000
0.000000
0.002401
0.000000
0.000000
0.000000
0.001940
0.000000
0.002392
0.000000
0.000000
0.000000
0.000000
0.000000
0.000000
0.002291
0.000000
0.000000
0.000000
0.000000
0.000000
0.000000
0.000000
0.000000
0.000000
0.000000
0.000000
0.000000
0.000000
0.000000
0.000000
0.000000
0.001262
0.000000
0.001491
0.000000
0.000000
0.000000
0.000000
0.001711
0.000000
0.000000
0.000000
0.001193
0.000000
0.000000
0.000000
0.000000
0.000000
0.002419
0.000000
0.001186
0.000000
0.000000
0.001676
0.000000
0.000000
0.000000
0.002326
0.000000
0.000000
0.001184
0.000000
0.000000
0.001859
0.000000
0.000000
0.000000
0.000000
0.000000
0.000000
0.002087
0.001208
0.000000
0.000000
0.000000
0.000000
0.000000
0.000000
0.000000
0.002997
0.001684
0.000000
0.000000
0.000000
0.000000
0.000000
0.001425
0.000000
0.000000
0.000000
0.000000
0.000000
0.001874
0.000000
0.000000
0.000000
0.000000
0.000000
0.000000
0.000000
0.000000
0.000000
0.000000
0.000000
0.000000
0.000000
0.000000
0.000000
0.000000
0.002117
0.000000
0.001616
0.000000
0.000000
0.000000
0.001560
0.000000
0.000000
0.001684
0.000000
0.000000
0.000000
0.000000
0.000000
0.000000
0.001558
0.000000
0.001215
0.000000
0.000000
0.000000
0.000000
0.000000
0.000000
0.000000
0.000000
0.000000
0.000000
0.000000
0.001217
0.001509
0.001491
0.000000
0.000000
0.000000
0.000000
0.000000
0.000000
0.000000
0.000000
0.000000
0.000000
0.001182
0.000000
0.000000
0.000000
0.000000
0.000000
0.000000
0.000000
0.000000
0.000000
0.000000
0.000000
0.000000
0.000000
0.000000
0.000000
0.000000
0.001921
0.000000
0.000000
0.000000
0.000000
0.000000
0.000000
0.000000
0.000000
0.000000
0.000000
0.000000
0.001634
0.000000
0.000000
0.000000
0.000000
0.000000
0.000000
0.000000
0.000000
0.000000
0.000000
0.000000
0.001557
0.000000
0.000000
0.000000
0.003373
0.000000
0.000000
0.002941
0.000000
0.000000
0.000000
0.000000
0.000000
0.000000
0.000000
0.000000
0.000000
0.000000
0.001834
0.000000
0.000000
0.000000
0.000000
0.000000
0.000000
0.000000
0.000000
0.000000
0.000000
0.000000
0.000000
0.000000
0.000000
0.000000
0.000000
0.000000
0.000000
0.000000
0.001298
0.000000
0.000000
0.000000
0.000000
0.000000
0.000000
0.000000
0.001311
0.000000
0.000000
0.000000
0.000000
0.000000
0.000000
0.001204
0.000000
0.000000
0.000000
0.000000
0.000000
0.000000
0.000000
0.000000
0.000000
0.000000
0.000000
0.000000
0.000000
0.000000
0.000000
0.000000
0.002839
0.000000
0.000000
0.000000
0.000000
0.000000
0.000000
0.000000
0.000000
0.001594
0.001366
0.001263
0.000000
0.000000
0.000000
0.000000
0.000000
0.000000
0.000000
0.001379
0.000000
0.000000
0.000000
0.000000
0.000000
0.000000
0.000000
0.000000
0.000000
0.001390
0.000000
0.001201
0.000000
0.001211
0.000000
0.000000
0.000000
0.003726
0.000000
0.000000
0.000000
0.001529
0.001846
0.000000
0.000000
0.000000
0.001255
0.000000
0.000000
0.000000
0.000000
0.000000
0.000000
0.000000
0.000000
0.000000
0.000000
0.000000
0.000000
0.003958
0.000000
0.000000
0.000000
0.000000
0.001449
0.001333
0.000000
0.000000
0.000000
0.000000
0.000000
0.000000
0.000000
0.000000
0.001507
0.000000
0.000000
0.002401
0.000000
0.000000
0.000000
0.000000
0.002498
0.000000
0.001437
0.002049
0.000000
0.000000
0.000000
0.000000
0.000000
0.000000
0.000000
0.000000
0.000000
0.000000
0.000000
0.000000
0.000000
0.000000
0.000000
0.000000
0.000000
0.001420
0.000000
0.002335
0.002057
0.000000
0.000000
0.000000
0.000000
0.000000
0.000000
0.000000
0.000000
0.000000
0.000000
0.000000
0.002928
0.000000
0.001865
0.000000
0.000000
0.000000
0.000000
0.000000
0.001184
0.000000
0.000000
0.001647
0.000000
0.000000
0.000000
0.000000
0.000000
0.000000
0.000000
0.000000
0.000000
0.000000
0.000000
0.000000
0.000000
0.000000
0.002008
0.000000
0.000000
0.000000
0.000000
0.000000
0.000000
0.000000
0.000000
0.002552
0.000000
0.000000
0.000000
0.000000
0.000000
0.000000
0.000000
0.004012
0.001581
0.001733
0.001816
0.000000
0.004363
0.000000
0.000000
0.000000
0.000000
0.000000
0.001326
0.000000
0.000000
0.000000
0.000000
0.000000
0.000000
0.000000
0.000000
0.000000
0.000000
0.000000
0.000000
0.000000
0.001473
0.000000
0.000000
0.000000
0.000000
0.001475
0.000000
0.000000
0.000000
0.000000
0.001393
0.000000
0.000000
0.000000
0.000000
0.000000
0.000000
0.000000
0.000000
0.000000
0.000000
0.000000
0.000000
0.000000
0.001307
0.000000
0.000000
0.000000
0.000000
0.000000
0.000000
0.000000
0.000000
0.000000
0.000000
0.000000
0.000000
0.000000
0.002638
0.000000
0.000000
0.000000
0.000000
0.000000
0.000000
0.000000
0.000000
0.000000
0.001380
0.000000
0.000000
0.000000
0.000000
0.000000
0.000000
0.000000
0.001761
0.000000
0.000000
0.001473
0.000000
0.000000
0.000000
0.000000
0.000000
0.000000
0.000000
0.000000
0.000000
0.001884
0.002851
0.001276
0.000000
0.000000
0.000000
0.000000
0.000000
0.000000
0.000000
0.000000
0.000000
0.000000
0.000000
0.002325
0.000000
0.000000
0.001769
0.000000
0.000000
0.000000
0.000000
0.000000
0.001678
0.000000
0.000000
0.000000
0.000000
0.000000
0.001799
0.000000
0.000000
0.000000
0.000000
0.000000
0.001440
0.000000
0.000000
0.000000
0.001439
0.000000
0.000000
0.000000
0.000000
0.000000
0.000000
0.000000
0.000000
0.000000
0.000000
0.000000
0.000000
0.000000
0.000000
0.000000
0.000000
0.000000
0.000000
0.002558
0.000000
0.000000
0.001550
0.000000
0.000000
0.000000
0.001391
0.000000
0.001880
0.000000
0.000000
0.000000
0.000000
0.000000
0.000000
0.000000
0.000000
0.000000
0.000000
0.000000
0.000000
0.000000
0.000000
0.000000
0.000000
0.000000
0.002220
0.000000
0.000000
0.000000
0.000000
0.001189
0.001384
0.000000
0.000000
0.000000
0.000000
0.000000
0.000000
0.001406
0.000000
0.000000
0.000000
0.000000
0.000000
0.000000
0.000000
0.000000
0.000000
0.000000
0.000000
0.001630
0.001696
0.000000
0.001922
0.000000
0.000000
0.000000
0.000000
0.001258
0.000000
0.000000
0.000000
0.000000
0.000000
0.000000
0.000000
0.000000
0.000000
0.000000
0.000000
0.000000
0.000000
0.000000
0.000000
0.000000
0.000000
0.000000
0.000000
0.000000
0.001289
0.000000
0.000000
0.000000
0.000000
0.001242
0.000000
0.000000
0.000000
0.000000
0.001918
0.000000
0.000000
0.000000
0.000000
0.000000
0.000000
0.000000
0.000000
0.001531
0.000000
0.000000
0.001776
0.000000
0.000000
0.000000
0.000000
0.001789
0.001739
0.000000
0.000000
0.000000
0.002792
0.001754
0.001296
0.000000
0.000000
0.000000
0.000000
0.000000
0.000000
0.000000
0.000000
0.000000
0.000000
0.000000
0.000000
0.000000
0.000000
0.000000
0.000000
0.000000
0.000000
0.000000
0.002009
0.001453
0.000000
0.000000
0.000000
0.000000
0.000000
0.000000
0.000000
0.000000
0.000000
0.000000
0.000000
0.000000
0.000000
0.000000
0.000000
0.000000
0.000000
0.000000
0.000000
0.000000
0.000000
0.000000
0.000000
0.000000
0.000000
0.000000
0.000000
0.000000
0.000000
0.000000
0.000000
0.000000
0.000000
0.001351
0.000000
0.000000
0.000000
0.000000
0.000000
0.000000
0.000000
0.000000
0.000000
0.000000
0.000000
0.000000
0.000000
0.001592
0.000000
0.000000
0.000000
0.000000
0.000000
0.000000
0.001588
0.001276
0.000000
0.000000
0.000000
0.000000
0.000000
0.000000
0.000000
0.000000
0.000000
0.000000
0.000000
0.001204
0.000000
0.000000
0.000000
0.001631
0.000000
0.118792
0.000000
0.000000
0.000000
0.000000
0.000000
0.000000
0.000000
0.001236
0.000000
0.000000
0.000000
0.001863
0.000000
0.000000
0.000000
0.000000
0.000000
0.000000
0.001218
0.000000
0.000000
0.000000
0.001173
0.000000
0.000000
0.000000
0.000000
0.000000
0.000000
0.001261
0.000000
0.000000
0.000000
0.000000
0.000000
0.000000
0.000000
0.001319
0.000000
0.001667
0.000000
0.000000
0.000000
0.000000
0.000000
0.000000
0.000000
0.000000
0.000000
0.001889
0.000000
0.001350
0.001361
0.000000
0.000000
0.000000
0.000000
0.000000
0.000000
0.000000
0.001259
0.000000
0.000000
0.000000
0.000000
0.000000
0.000000
0.000000
0.001356
0.000000
0.000000
0.000000
0.000000
0.000000
0.000000
0.000000
0.000000
0.001667
0.000000
0.000000
0.001365
0.002089
0.000000
0.000000
0.002181
0.000000
0.000000
0.000000
0.000000
0.001294
0.000000
0.000000
0.000000
0.000000
0.000000
0.000000
0.000000
0.000000
0.000000
0.000000
0.000000
0.000000
0.002902
0.000000
0.000000
0.000000
0.000000
0.000000
0.000000
0.000000
0.001438
0.000000
0.000000
0.000000
0.000000
0.000000
0.000000
0.000000
0.000000
0.001730
0.000000
0.000000
0.000000
0.000000
0.000000
0.000000
0.000000
0.000000
0.000000
0.000000
0.000000
0.000000
0.000000
0.000000
0.000000
0.000000
0.000000
0.002376
0.000000
0.000000
0.000000
0.000000
0.000000
0.000000
0.000000
0.000000
0.000000
0.000000
0.000000
0.000000
0.000000
0.000000
0.000000
0.000000
0.000000
0.002490
0.000000
0.000000
0.000000
0.000000
0.000000
0.000000
0.000000
0.000000
0.000000
0.000000
0.000000
0.000000
0.000000
0.000000
0.000000
0.000000
0.000000
0.000000
0.000000
0.000000
0.000000
0.000000
0.001390
0.000000
0.000000
0.000000
0.000000
0.001411
0.001353
0.000000
0.000000
0.001507
0.000000
0.000000
0.000000
0.000000
0.000000
0.000000
0.000000
0.000000
0.000000
0.000000
0.000000
0.000000
0.000000
0.000000
0.000000
0.000000
0.000000
0.001398
0.000000
0.000000
0.000000
0.000000
0.000000
0.000000
0.000000
0.000000
0.000000
0.000000
0.000000
0.000000
0.000000
0.000000
0.000000
0.000000
0.000000
0.000000
0.002305
0.000000
0.000000
0.000000
0.000000
0.000000
0.000000
0.000000
0.000000
0.000000
0.000000
0.000000
0.000000
0.000000
0.000000
0.000000
0.000000
0.000000
0.000000
0.000000
0.000000
0.000000
0.000000
0.000000
0.001331
0.000000
0.000000
0.000000
0.000000
0.000000
0.000000
0.000000
0.000000
0.000000
0.000000
0.000000
0.000000
0.000000
0.000000
0.000000
0.000000
0.000000
0.000000
0.001246
0.000000
0.000000
0.000000
0.000000
0.000000
0.000000
0.000000
0.000000
0.000000
0.000000
0.000000
0.000000
0.000000
0.000000
0.000000
0.001623
0.000000
0.000000
0.000000
0.000000
0.000000
0.000000
0.000000
0.000000
0.000000
0.001356
0.000000
0.000000
0.001239
0.002507
0.001229
0.000000
0.001402
0.000000
0.000000
0.000000
0.000000
0.000000
0.000000
0.000000
0.000000
0.000000
0.000000
0.000000
0.000000
0.000000
0.000000
0.000000
0.000000
0.001865
0.000000
0.001742
0.000000
0.001279
0.000000
0.000000
0.000000
0.000000
0.000000
0.000000
0.001444
0.000000
0.000000
0.000000
0.000000
0.000000
0.000000
0.000000
0.000000
0.000000
0.000000
0.000000
0.000000
0.000000
0.000000
0.001752
0.000000
0.000000
0.000000
0.000000
0.001499
0.000000
0.000000
0.000000
0.000000
0.000000
0.000000
0.000000
0.000000
0.001472
0.000000
0.000000
0.000000
0.000000
0.000000
0.000000
0.000000
0.000000
0.000000
0.000000
0.000000
0.000000
0.000000
0.000000
0.000000
0.000000
0.000000
0.000000
0.000000
0.000000
0.000000
0.000000
0.000000
0.000000
0.000000
0.000000
0.001776
0.000000
0.000000
0.000000
0.000000
0.000000
0.000000
0.000000
0.000000
0.000000
0.000000
0.000000
0.001368
0.000000
0.001390
0.000000
0.000000
0.000000
0.000000
0.000000
0.000000
0.000000
0.000000
0.000000
0.000000
0.000000
0.000000
0.000000
0.000000
0.001332
0.000000
0.000000
0.000000
0.000000
0.000000
0.001541
0.001498
0.000000
0.000000
0.000000
0.000000
0.000000
0.000000
0.000000
0.000000
0.000000
0.000000
0.000000
0.000000
0.000000
0.000000
0.002470
0.002013
0.000000
0.000000
0.000000
0.000000
0.000000
0.000000
0.000000
0.000000
0.000000
0.001676
0.000000
0.001853
0.000000
0.001300
0.000000
0.000000
0.000000
0.000000
0.000000
0.000000
0.000000
0.000000
0.000000
0.000000
0.000000
0.000000
0.001402
0.000000
0.000000
0.000000
0.000000
0.000000
0.000000
0.000000
0.001502
0.000000
0.000000
0.000000
0.001719
0.000000
0.000000
0.002444
0.000000
0.000000
0.000000
0.000000
0.000000
0.000000
0.000000
0.000000
0.001354
0.000000
0.000000
0.000000
0.000000
0.000000
0.000000
0.000000
0.000000
0.000000
0.000000
0.000000
0.005449
0.003138
0.000000
0.000000
0.000000
0.000000
0.000000
0.000000
0.000000
0.000000
0.000000
0.000000
0.000000
0.000000
0.001368
0.000000
0.001545
0.000000
0.000000
0.000000
0.000000
0.000000
0.000000
0.000000
0.000000
0.000000
0.000000
0.000000
0.000000
0.000000
0.000000
0.000000
0.000000
0.000000
0.000000
0.000000
0.000000
0.001634
0.000000
0.000000
0.000000
0.000000
0.000000
0.000000
0.001530
0.000000
0.000000
0.000000
0.001188
0.000000
0.000000
0.000000
0.000000
0.000000
0.000000
0.001526
0.001520
0.000000
0.000000
0.000000
0.000000
0.000000
0.000000
0.002402
0.000000
0.000000
0.000000
0.000000
0.000000
0.000000
0.000000
0.000000
0.000000
0.000000
0.000000
0.000000
0.000000
0.001962
0.000000
0.000000
0.000000
0.000000
0.000000
0.000000
0.000000
0.000000
0.000000
0.000000
0.001258
0.000000
0.000000
0.000000
0.000000
0.000000
0.000000
0.000000
0.000000
0.000000
0.000000
0.000000
0.000000
0.001675
0.000000
0.000000
0.000000
0.000000
0.000000
0.000000
0.000000
0.000000
0.002237
0.000000
0.000000
0.000000
0.000000
0.000000
0.000000
0.000000
0.001903
0.000000
0.000000
0.000000
0.000000
0.001776
0.000000
0.000000
0.000000
0.000000
0.001461
0.000000
0.000000
0.000000
0.000000
0.001985
0.000000
0.002090
0.003184
0.000000
0.000000
0.000000
0.000000
0.000000
0.001578
0.000000
0.000000
0.000000
0.000000
0.000000
0.000000
0.001409
0.000000
0.002619
0.000000
0.000000
0.001610
0.000000
0.000000
0.000000
0.000000
0.000000
0.000000
0.001682
0.001659
0.000000
0.000000
0.000000
0.000000
0.000000
0.000000
0.000000
0.000000
0.000000
0.000000
0.000000
0.000000
0.000000
0.000000
0.000000
0.000000
0.000000
0.000000
0.001468
0.000000
0.000000
0.000000
0.000000
0.000000
0.000000
0.000000
0.000000
0.000000
0.000000
0.000000
0.000000
0.000000
0.000000
0.000000
0.000000
0.000000
0.000000
0.000000
0.000000
0.000000
0.000000
0.000000
0.002698
0.000000
0.001346
0.000000
0.000000
0.000000
0.000000
0.001321
0.002133
0.000000
0.000000
0.000000
0.000000
0.000000
0.000000
0.001681
0.000000
0.000000
0.000000
0.000000
0.000000
0.000000
0.000000
0.000000
0.000000
0.000000
0.000000
0.000000
0.000000
0.000000
0.000000
0.000000
0.000000
0.000000
0.000000
0.000000
0.001490
0.000000
0.000000
0.000000
0.000000
0.000000
0.000000
0.000000
0.000000
0.000000
0.000000
0.001293
0.000000
0.000000
0.000000
0.000000
0.000000
0.000000
0.000000
0.000000
0.000000
0.001182
0.001938
0.000000
0.001898
0.000000
0.000000
0.000000
0.000000
0.000000
0.000000
0.001440
0.000000
0.000000
0.001842
0.000000
0.002722
0.000000
0.000000
0.000000
0.001572
0.000000
0.000000
0.000000
0.001543
0.001187
0.001532
0.000000
0.000000
0.000000
0.000000
0.000000
0.000000
0.000000
0.000000
0.000000
0.000000
0.000000
0.001276
0.000000
0.001860
0.001669
0.000000
0.000000
0.002435
0.000000
0.001288
0.000000
0.000000
0.000000
0.000000
0.000000
0.000000
0.000000
0.000000
0.000000
0.000000
0.000000
0.000000
0.000000
0.000000
0.000000
0.000000
0.002290
0.000000
0.000000
0.000000
0.000000
0.000000
0.000000
0.000000
0.000000
0.000000
0.000000
0.000000
0.000000
0.000000
0.000000
0.000000
0.000000
0.000000
0.000000
0.000000
0.000000
0.000000
0.000000
0.000000
0.000000
0.000000
0.000000
0.000000
0.000000
0.002598
0.000000
0.000000
0.000000
0.000000
0.000000
0.000000
0.000000
0.000000
0.000000
0.000000
0.000000
0.000000
0.000000
0.000000
0.000000
0.000000
0.000000
0.000000
0.001375
0.000000
0.000000
0.000000
0.000000
0.000000
0.000000
0.000000
0.000000
0.000000
0.000000
0.000000
0.000000
0.000000
0.000000
0.001561
0.000000
0.000000
0.000000
0.002416
0.000000
0.000000
0.000000
0.000000
0.000000
0.000000
0.000000
0.000000
0.000000
0.000000
0.002396
0.000000
0.000000
0.000000
0.000000
0.001847
0.002164
0.000000
0.000000
0.000000
0.000000
0.000000
0.000000
0.000000
0.000000
0.000000
0.000000
0.000000
0.000000
0.000000
0.000000
0.001811
0.002094
0.000000
0.000000
0.000000
0.001199
0.000000
0.000000
0.000000
0.000000
0.001257
0.000000
0.000000
0.000000
0.000000
0.000000
0.002050
0.000000
0.002083
0.000000
0.000000
0.000000
0.001933
0.000000
0.000000
0.000000
0.000000
0.000000
0.000000
0.000000
0.000000
0.000000
0.000000
0.000000
0.000000
0.000000
0.000000
0.000000
0.000000
0.000000
0.002242
0.000000
0.000000
0.000000
0.001653
0.001922
0.000000
0.001672
0.000000
0.000000
0.000000
0.000000
0.000000
0.000000
0.000000
0.000000
0.000000
0.000000
0.000000
0.000000
0.000000
0.000000
0.000000
0.001751
0.000000
0.000000
0.001302
0.000000
0.000000
0.000000
0.000000
0.000000
0.000000
0.000000
0.000000
0.001465
0.000000
0.000000
0.000000
0.000000
0.000000
0.000000
0.000000
0.000000
0.000000
0.000000
0.000000
0.000000
0.000000
0.000000
0.000000
0.000000
0.000000
0.000000
0.000000
0.000000
0.001834
0.000000
0.000000
0.000000
0.000000
0.000000
0.000000
0.000000
0.000000
0.000000
0.000000
0.000000
0.000000
0.002635
0.000000
0.000000
0.000000
0.000000
0.000000
0.000000
0.000000
0.001556
0.000000
0.001662
0.000000
0.000000
0.000000
0.000000
0.000000
0.000000
0.000000
0.002121
0.000000
0.000000
0.000000
0.000000
0.000000
0.000000
0.000000
0.000000
0.000000
0.000000
0.000000
0.000000
0.000000
0.000000
0.000000
0.000000
0.000000
0.000000
0.000000
0.000000
0.000000
0.000000
0.000000
0.000000
0.000000
0.000000
0.000000
0.001944
0.000000
0.000000
0.000000
0.000000
0.000000
0.000000
0.000000
0.000000
0.000000
0.000000
0.000000
0.000000
0.002835
0.000000
0.000000
0.000000
0.000000
0.001231
0.000000
0.000000
0.000000
0.001224
0.001238
0.000000
0.000000
0.000000
0.000000
0.000000
0.000000
0.000000
0.000000
0.000000
0.000000
0.000000
0.001342
0.001346
0.000000
0.000000
0.000000
0.000000
0.000000
0.000000
0.000000
0.000000
0.001821
0.000000
0.000000
0.000000
0.000000
0.000000
0.000000
0.000000
0.000000
0.000000
0.000000
0.000000
0.000000
0.002549
0.000000
0.000000
0.000000
0.000000
0.000000
0.001389
0.000000
0.000000
0.000000
0.000000
0.000000
0.000000
0.000000
0.000000
0.000000
0.001978
0.000000
0.000000
0.000000
0.000000
0.000000
0.000000
0.000000
0.000000
0.000000
0.000000
0.000000
0.000000
0.001187
0.002145
0.000000
0.000000
0.000000
0.000000
0.000000
0.000000
0.000000
0.000000
0.000000
0.000000
0.000000
0.000000
0.000000
0.001212
0.000000
0.000000
0.000000
0.000000
0.000000
0.002057
0.002082
0.000000
0.000000
0.000000
0.000000
0.000000
0.000000
0.000000
0.000000
0.001351
0.000000
0.001634
0.001311
0.000000
0.000000
0.000000
0.000000
0.000000
0.000000
0.000000
0.000000
0.000000
0.000000
0.000000
0.000000
0.000000
0.000000
0.000000
0.000000
0.000000
0.000000
0.000000
0.001181
0.000000
0.000000
0.000000
0.000000
0.000000
0.000000
0.000000
0.000000
0.000000
0.000000
0.000000
0.000000
0.000000
0.000000
0.000000
0.000000
0.000000
0.000000
0.000000
0.003543
0.000000
0.000000
0.000000
0.000000
0.000000
0.000000
0.000000
0.000000
0.001203
0.001302
0.000000
0.000000
0.002317
0.001602
0.000000
0.001654
0.000000
0.000000
0.002170
0.000000
0.000000
0.000000
0.001577
0.002116
0.001259
0.000000
0.000000
0.000000
0.000000
0.000000
0.000000
0.000000
0.000000
0.000000
0.000000
0.002422
0.000000
0.000000
0.001260
0.000000
0.000000
0.000000
0.000000
0.000000
0.000000
0.000000
0.000000
0.001328
0.000000
0.000000
0.000000
0.000000
0.000000
0.000000
0.000000
0.001933
0.001634
0.000000
0.000000
0.000000
0.000000
0.000000
0.001227
0.000000
0.000000
0.000000
0.001525
0.000000
0.000000
0.000000
0.000000
0.000000
0.000000
0.000000
0.000000
0.001415
0.002663
0.000000
0.000000
0.000000
0.000000
0.001310
0.000000
0.000000
0.000000
0.000000
0.000000
0.000000
0.000000
0.000000
0.000000
0.000000
0.000000
0.000000
0.000000
0.001246
0.000000
0.000000
0.000000
0.000000
0.000000
0.000000
0.000000
0.000000
0.000000
0.000000
0.001897
0.000000
0.000000
0.000000
0.000000
0.000000
0.000000
0.000000
0.000000
0.000000
0.000000
0.000000
0.000000
0.000000
0.000000
0.000000
0.000000
0.000000
0.000000
0.000000
0.000000
0.000000
0.000000
0.000000
0.000000
0.000000
0.000000
0.000000
0.000000
0.000000
0.000000
0.000000
0.000000
0.000000
0.000000
0.000000
0.000000
0.000000
0.001196
0.000000
0.000000
0.000000
0.000000
0.000000
0.000000
0.000000
0.000000
0.001383
0.000000
0.000000
0.000000
0.000000
0.000000
0.000000
0.000000
0.000000
0.001194
0.000000
0.000000
0.000000
0.001299
0.000000
0.000000
0.000000
0.000000
0.000000
0.001607
0.000000
0.000000
0.000000
0.000000
0.000000
0.001563
0.000000
0.000000
0.000000
0.000000
0.000000
0.000000
0.000000
0.001485
0.000000
0.000000
0.000000
0.000000
0.000000
0.000000
0.000000
0.001377
0.000000
0.000000
0.000000
0.000000
0.000000
0.001396
0.000000
0.000000
0.000000
0.000000
0.000000
0.001317
0.000000
0.000000
0.000000
0.000000
0.000000
0.001191
0.000000
0.000000
0.000000
0.000000
0.000000
0.000000
0.000000
0.000000
0.000000
0.000000
0.000000
0.000000
0.000000
0.000000
0.000000
0.000000
0.000000
0.001279
0.000000
0.001533
0.000000
0.000000
0.000000
0.000000
0.001950
0.000000
0.000000
0.000000
0.000000
0.000000
0.000000
0.000000
0.000000
0.000000
0.000000
0.002249
0.000000
0.000000
0.000000
0.000000
0.000000
0.000000
0.000000
0.000000
0.000000
0.000000
0.000000
0.000000
0.000000
0.000000
0.001361
0.001723
0.001388
0.000000
0.000000
0.000000
0.000000
0.000000
0.000000
0.000000
0.000000
0.001334
0.000000
0.002558
0.001571
0.000000
0.000000
0.000000
0.002292
0.000000
0.000000
0.001758
0.000000
0.001245
0.000000
0.000000
0.000000
0.000000
0.000000
0.000000
0.000000
0.000000
0.000000
0.000000
0.001992
0.000000
0.000000
0.000000
0.000000
0.000000
0.000000
0.000000
0.000000
0.000000
0.001620
0.000000
0.000000
0.000000
0.000000
0.000000
0.000000
0.002498
0.000000
0.000000
0.000000
0.000000
0.000000
0.000000
0.001236
0.000000
0.000000
0.000000
0.000000
0.000000
0.000000
0.000000
0.000000
0.001480
0.000000
0.000000
0.001594
0.000000
0.000000
0.000000
0.000000
0.001466
0.000000
0.000000
0.000000
0.000000
0.000000
0.000000
0.000000
0.000000
0.000000
0.000000
0.000000
0.000000
0.000000
0.002229
0.000000
0.000000
0.000000
0.001371
0.000000
0.000000
0.000000
0.000000
0.000000
0.001458
0.000000
0.000000
0.000000
0.000000
0.000000
0.000000
0.000000
0.001923
0.000000
0.000000
0.001511
0.000000
0.000000
0.000000
0.000000
0.000000
0.000000
0.000000
0.000000
0.000000
0.000000
0.000000
0.000000
0.000000
0.002838
0.000000
0.000000
0.000000
0.000000
0.000000
0.000000
0.001730
0.001460
0.002150
0.000000
0.000000
0.000000
0.000000
0.000000
0.000000
0.000000
0.000000
0.000000
0.000000
0.000000
0.000000
0.000000
0.000000
0.000000
0.000000
0.002389
0.000000
0.000000
0.000000
0.000000
0.000000
0.000000
0.000000
0.000000
0.000000
0.000000
0.000000
0.001765
0.000000
0.000000
0.000000
0.000000
0.000000
0.000000
0.000000
0.000000
0.000000
0.000000
0.000000
0.000000
0.000000
0.000000
0.000000
0.002106
0.001183
0.000000
0.000000
0.000000
0.000000
0.000000
0.000000
0.000000
0.000000
0.000000
0.000000
0.000000
0.000000
0.000000
0.000000
0.000000
0.000000
0.000000
0.000000
0.000000
0.000000
0.000000
0.001672
0.000000
0.000000
0.000000
0.000000
0.000000
0.000000
0.000000
0.000000
0.000000
0.000000
0.000000
0.000000
0.000000
0.000000
0.000000
0.000000
0.000000
0.001322
0.000000
0.000000
0.000000
0.000000
0.000000
0.000000
0.000000
0.000000
0.000000
0.000000
0.000000
0.000000
0.002920
0.000000
0.000000
0.000000
0.000000
0.001870
0.000000
0.000000
0.000000
0.000000
0.000000
0.000000
0.000000
0.000000
0.000000
0.000000
0.000000
0.000000
0.000000
0.000000
0.000000
0.001791
0.000000
0.000000
0.000000
0.000000
0.002030
0.000000
0.000000
0.000000
0.000000
0.000000
0.000000
0.000000
0.002503
0.000000
0.000000
0.000000
0.000000
0.000000
0.000000
0.000000
0.000000
0.000000
0.000000
0.000000
0.000000
0.000000
0.000000
0.000000
0.000000
0.000000
0.000000
0.000000
0.001273
0.000000
0.000000
0.001927
0.001815
0.000000
0.000000
0.000000
0.000000
0.000000
0.000000
0.000000
0.000000
0.000000
0.000000
0.000000
0.001920
0.000000
0.000000
0.000000
0.001195
0.000000
0.000000
0.000000
0.000000
0.000000
0.000000
0.000000
0.000000
0.000000
0.000000
0.000000
0.000000
0.000000
0.000000
0.000000
0.000000
0.000000
0.000000
0.000000
0.000000
0.000000
0.000000
0.000000
0.000000
0.000000
0.000000
0.000000
0.000000
0.001447
0.000000
0.000000
0.000000
0.000000
0.000000
0.000000
0.000000
0.000000
0.000000
0.000000
0.000000
0.000000
0.000000
0.000000
0.000000
0.000000
0.000000
0.000000
0.000000
0.000000
0.000000
0.002123
0.000000
0.000000
0.000000
0.000000
0.001592
0.000000
0.001174
0.000000
0.000000
0.000000
0.000000
0.000000
0.001411
0.001344
0.000000
0.000000
0.000000
0.000000
0.000000
0.000000
0.000000
0.001451
0.000000
0.000000
0.000000
0.000000
0.000000
0.000000
0.000000
0.002891
0.000000
0.000000
0.000000
0.000000
0.000000
0.000000
0.000000
0.000000
0.000000
0.000000
0.001876
0.000000
0.000000
0.000000
0.000000
0.000000
0.000000
0.000000
0.000000
0.000000
0.000000
0.000000
0.000000
0.000000
0.000000
0.000000
0.000000
0.000000
0.000000
0.000000
0.000000
0.000000
0.000000
0.000000
0.000000
0.000000
0.000000
0.000000
0.000000
0.000000
0.000000
0.000000
0.001420
0.000000
0.000000
0.000000
0.000000
0.001641
0.000000
0.000000
0.000000
0.000000
0.000000
0.001550
0.000000
0.001297
0.000000
0.000000
0.000000
0.000000
0.001384
0.000000
0.000000
0.001255
0.000000
0.000000
0.000000
0.000000
0.000000
0.000000
0.000000
0.000000
0.000000
0.000000
0.000000
0.000000
0.000000
0.000000
0.000000
0.000000
0.000000
0.000000
0.000000
0.000000
0.000000
0.000000
0.000000
0.000000
0.001307
0.000000
0.000000
0.000000
0.001314
0.000000
0.001367
0.000000
0.000000
0.000000
0.000000
0.001353
0.000000
0.000000
0.001317
0.000000
0.000000
0.000000
0.000000
0.000000
0.000000
0.000000
0.000000
0.000000
0.000000
0.000000
0.000000
0.001389
0.000000
0.000000
0.000000
0.000000
0.000000
0.000000
0.000000
0.000000
0.000000
0.000000
0.000000
0.000000
0.000000
0.000000
0.001364
0.001275
0.000000
0.000000
0.000000
0.000000
0.000000
0.000000
0.000000
0.000000
0.001633
0.000000
0.001332
0.000000
0.001482
0.000000
0.000000
0.000000
0.000000
0.000000
0.000000
0.000000
0.000000
0.000000
0.000000
0.000000
0.000000
0.000000
0.001560
0.000000
0.001712
0.000000
0.000000
0.000000
0.000000
0.000000
0.000000
0.000000
0.000000
0.000000
0.000000
0.000000
0.000000
0.002244
0.000000
0.002476
0.000000
0.000000
0.000000
0.000000
0.000000
0.000000
0.000000
0.000000
0.000000
0.000000
0.000000
0.000000
0.000000
0.000000
0.000000
0.000000
0.000000
0.000000
0.000000
0.000000
0.000000
0.000000
0.000000
0.000000
0.000000
0.000000
0.000000
0.000000
0.000000
0.000000
0.000000
0.000000
0.000000
0.000000
0.000000
0.000000
0.000000
0.000000
0.000000
0.000000
0.000000
0.000000
0.000000
0.000000
0.000000
0.000000
0.000000
0.000000
0.000000
0.000000
0.000000
0.000000
0.001232
0.000000
0.000000
0.001184
0.000000
0.000000
0.001306
0.000000
0.000000
0.000000
0.000000
0.000000
0.000000
0.000000
0.000000
0.000000
0.000000
0.000000
0.000000
0.000000
0.000000
0.000000
0.000000
0.000000
0.000000
0.000000
0.000000
0.000000
0.000000
0.000000
0.001254
0.000000
0.000000
0.000000
0.000000
0.001584
0.001786
0.000000
0.000000
0.001291
0.000000
0.000000
0.000000
0.000000
0.000000
0.000000
0.000000
0.000000
0.001906
0.000000
0.001224
0.000000
0.000000
0.000000
0.002160
0.000000
0.000000
0.000000
0.000000
0.000000
0.000000
0.000000
0.000000
0.000000
0.000000
0.000000
0.000000
0.000000
0.000000
0.000000
0.000000
0.000000
0.000000
0.000000
0.000000
0.000000
0.000000
0.000000
0.000000
0.000000
0.000000
0.000000
0.000000
0.001209
0.000000
0.000000
0.000000
0.000000
0.000000
0.000000
0.000000
0.000000
0.000000
0.000000
0.000000
0.000000
0.000000
0.000000
0.000000
0.000000
0.000000
0.000000
0.001339
0.000000
0.000000
0.001457
0.000000
0.000000
0.001674
0.000000
0.000000
0.000000
0.000000
0.000000
0.000000
0.000000
0.000000
0.000000
0.000000
0.000000
0.000000
0.000000
0.000000
0.000000
0.001536
0.001196
0.000000
0.000000
0.000000
0.000000
0.000000
0.000000
0.000000
0.001355
0.000000
0.000000
0.000000
0.000000
0.000000
0.000000
0.000000
0.000000
0.000000
0.001378
0.000000
0.000000
0.000000
0.000000
0.000000
0.000000
0.000000
0.001282
0.000000
0.000000
0.000000
0.000000
0.000000
0.000000
0.000000
0.000000
0.000000
0.002183
0.000000
0.001350
0.002318
0.000000
0.000000
0.001395
0.000000
0.000000
0.000000
0.000000
0.000000
0.002134
0.000000
0.000000
0.000000
0.000000
0.001440
0.000000
0.000000
0.000000
0.000000
0.000000
0.001644
0.000000
0.000000
0.000000
0.000000
0.000000
0.000000
0.000000
0.000000
0.000000
0.000000
0.000000
0.000000
0.000000
0.000000
0.000000
0.000000
0.000000
0.000000
0.000000
0.000000
0.000000
0.000000
0.002133
0.000000
0.000000
0.000000
0.000000
0.000000
0.000000
0.001702
0.000000
0.000000
0.000000
0.000000
0.000000
0.000000
0.000000
0.001631
0.000000
0.000000
0.000000
0.000000
0.000000
0.000000
0.000000
0.000000
0.000000
0.000000
0.000000
0.000000
0.000000
0.000000
0.000000
0.000000
0.000000
0.000000
0.000000
0.000000
0.000000
0.001374
0.000000
0.000000
0.001757
0.000000
0.000000
0.000000
0.000000
0.000000
0.000000
0.000000
0.000000
0.000000
0.000000
0.000000
0.000000
0.000000
0.000000
0.000000
0.000000
0.000000
0.001690
0.001983
0.000000
0.000000
0.000000
0.000000
0.000000
0.000000
0.001279
0.000000
0.000000
0.000000
0.000000
0.000000
0.000000
0.000000
0.000000
0.000000
0.000000
0.000000
0.000000
0.000000
0.001385
0.000000
0.001319
0.000000
0.000000
0.000000
0.000000
0.000000
0.000000
0.001795
0.000000
0.000000
0.000000
0.000000
0.000000
0.001280
0.000000
0.000000
0.000000
0.000000
0.000000
0.000000
0.000000
0.000000
0.000000
0.000000
0.000000
0.001886
0.000000
0.000000
0.000000
0.000000
0.000000
0.000000
0.000000
0.000000
0.000000
0.000000
0.000000
0.000000
0.001491
0.000000
0.000000
0.000000
0.000000
0.000000
0.000000
0.000000
0.001605
0.000000
0.000000
0.002148
0.000000
0.000000
0.001305
0.000000
0.000000
0.000000
0.000000
0.000000
0.000000
0.000000
0.000000
0.000000
0.000000
0.000000
0.000000
0.000000
0.000000
0.000000
0.000000
0.000000
0.000000
0.000000
0.000000
0.000000
0.000000
0.000000
0.000000
0.000000
0.000000
0.000000
0.000000
0.000000
0.000000
0.000000
0.000000
0.000000
0.000000
0.000000
0.000000
0.000000
0.000000
0.000000
0.001403
0.000000
0.000000
0.000000
0.000000
0.000000
0.001669
0.000000
0.000000
0.000000
0.000000
0.000000
0.000000
0.000000
0.000000
0.000000
0.000000
0.000000
0.000000
0.000000
0.000000
0.000000
0.000000
0.000000
0.000000
0.001782
0.000000
0.000000
0.000000
0.000000
0.000000
0.000000
0.000000
0.000000
0.000000
0.000000
0.000000
0.000000
0.000000
0.000000
0.000000
0.000000
0.000000
0.000000
0.000000
0.000000
0.000000
0.000000
0.002042
0.000000
0.000000
0.000000
0.000000
0.000000
0.000000
0.000000
0.000000
0.000000
0.000000
0.000000
0.000000
0.001358
0.000000
0.000000
0.000000
0.000000
0.000000
0.000000
0.000000
0.000000
0.000000
0.000000
0.000000
0.000000
0.001286
0.000000
0.000000
0.000000
0.000000
0.000000
0.000000
0.000000
0.000000
0.000000
0.000000
0.000000
0.000000
0.000000
0.001892
0.000000
0.000000
0.000000
0.001367
0.000000
0.000000
0.000000
0.000000
0.000000
0.000000
0.000000
0.000000
0.000000
0.000000
0.000000
0.000000
0.001424
0.000000
0.000000
