0.000000
0.000000
0.001091
0.000000
0.000000
0.000000
0.000000
0.000000
0.000000
0.000000
0.000000
0.000000
0.000000
0.000000
0.000000
0.000797
0.001905
0.000000
0.000000
0.000000
0.000000
0.002617
0.000000
0.000000
0.000000
0.001721
0.000000
0.000827
0.000000
0.000000
0.001386
0.001417
0.000000
0.000725
0.000000
0.000000
0.000000
0.000000
0.000000
0.000000
0.000000
0.001198
0.000000
0.001326
0.000000
0.000000
0.001218
0.000000
0.000000
0.000000
0.000000
0.000000
0.000000
0.000000
0.000000
0.000000
0.000000
0.000000
0.001114
0.000000
0.000000
0.001070
0.000000
0.000000
0.000000
0.000000
0.000000
0.000000
0.000000
0.000000
0.000809
0.000000
0.000000
0.000000
0.000682
0.001492
0.000000
0.000000
0.000000
0.000000
0.000000
0.001049
0.000000
0.000000
0.001172
0.000000
0.000000
0.000000
0.002081
0.000000
0.000000
0.000000
0.000000
0.000000
0.000000
0.000000
0.001201
0.000000
0.000000
0.000815
0.001284
0.000991
0.000000
0.000000
0.000000
0.000000
0.000000
0.000000
0.000000
0.000000
0.000000
0.000000
0.000000
0.002763
0.002069
0.000000
0.000000
0.002800
0.000000
0.000000
0.000000
0.000788
0.001045
0.000000
0.000000
0.001332
0.000000
0.000000
0.000000
0.000000
0.000000
0.000000
0.000000
0.000000
0.000710
0.000000
0.000000
0.000680
0.001295
0.000000
0.001568
0.000000
0.000000
0.000000
0.000000
0.000000
0.000000
0.000000
0.000000
0.000000
0.000000
0.000798
0.000000
0.000000
0.000786
0.000983
0.000000
0.002006
0.000000
0.000000
0.000000
0.000000
0.001529
0.000000
0.000000
0.000000
0.000000
0.000000
0.000000
0.000000
0.000000
0.002559
0.000000
0.000000
0.000000
0.001039
0.000000
0.000000
0.000000
0.000000
0.000000
0.000000
0.000000
0.000000
0.000000
0.000000
0.001510
0.000691
0.000000
0.000000
0.000000
0.000000
0.000000
0.000000
0.000000
0.001383
0.001019
0.001951
0.000000
0.001809
0.000000
0.000000
0.000000
0.000000
0.000000
0.000679
0.000000
0.000000
0.000000
0.000000
0.000797
0.000000
0.000000
0.000000
0.000000
0.001458
0.001412
0.000000
0.000000
0.000000
0.000000
0.000000
0.000944
0.000000
0.000000
0.000000
0.000000
0.000957
0.000000
0.001608
0.000000
0.000722
0.000000
0.000000
0.001120
0.000000
0.000000
0.000000
0.000000
0.000676
0.000890
0.000000
0.001638
0.000000
0.000000
0.000000
0.000000
0.001153
0.000000
0.000000
0.000000
0.000000
0.000000
0.001525
0.001253
0.000000
0.001323
0.000000
0.000000
0.000000
0.000000
0.000000
0.000000
0.000000
0.000000
0.000000
0.000000
0.000000
0.001171
0.000000
0.000000
0.000000
0.000000
0.000957
0.000000
0.001308
0.000000
0.000000
0.000000
0.001257
0.000000
0.000000
0.000000
0.000000
0.001625
0.000000
0.000000
0.000000
0.001704
0.000000
0.000000
0.002135
0.000000
0.000000
0.000000
0.000000
0.000000
0.000000
0.000000
0.000000
0.000000
0.000743
0.000000
0.001733
0.000000
0.000000
0.000000
0.000000
0.000000
0.000000
0.000000
0.000000
0.000000
0.000000
0.000000
0.000000
0.000000
0.000000
0.000000
0.000000
0.001127
0.000000
0.000000
0.000000
0.000000
0.000932
0.000000
0.000714
0.000000
0.000000
0.000000
0.000000
0.000000
0.000000
0.000000
0.000000
0.000874
0.000000
0.000000
0.000000
0.001055
0.000000
0.000000
0.000000
0.000000
0.000000
0.000000
0.000000
0.000000
0.001153
0.000000
0.000000
0.000000
0.000800
0.000000
0.000000
0.000000
0.000000
0.000000
0.000000
0.000000
0.000000
0.000000
0.001301
0.000000
0.000000
0.001229
0.000000
0.000000
0.001042
0.000000
0.000000
0.000000
0.000000
0.000000
0.000000
0.002394
0.000000
0.000000
0.000000
0.000000
0.000000
0.000831
0.000000
0.000000
0.000000
0.000727
0.001321
0.000000
0.000000
0.000000
0.000000
0.000000
0.000000
0.000000
0.000000
0.000000
0.000000
0.000000
0.000000
0.000000
0.000000
0.000000
0.000000
0.001598
0.000000
0.000000
0.000000
0.000000
0.000000
0.000000
0.000000
0.000000
0.000704
0.000000
0.000000
0.001008
0.000000
0.000000
0.000000
0.000000
0.000000
0.000000
0.000000
0.000000
0.000000
0.000000
0.000000
0.000000
0.000000
0.000000
0.001260
0.000000
0.000000
0.000000
0.000000
0.000000
0.000000
0.001378
0.000000
0.000000
0.000000
0.000000
0.000000
0.000000
0.000000
0.000000
0.000000
0.001027
0.000000
0.000000
0.000000
0.000000
0.000000
0.000000
0.000000
0.000000
0.000000
0.000000
0.000000
0.000000
0.000000
0.000000
0.000000
0.000000
0.001441
0.000000
0.000000
0.000000
0.000000
0.000000
0.000000
0.000000
0.000000
0.000000
0.001557
0.001022
0.000000
0.000000
0.000000
0.000000
0.000000
0.000000
0.001448
0.000000
0.000000
0.000000
0.000000
0.000000
0.000000
0.000000
0.000000
0.000000
0.000000
0.000000
0.000000
0.000000
0.000917
0.000866
0.000000
0.000980
0.000000
0.000889
0.000000
0.000000
0.000000
0.000000
0.000000
0.000000
0.000000
0.000000
0.000000
0.000000
0.000000
0.000000
0.000000
0.000000
0.000778
0.000000
0.000000
0.001072
0.000000
0.000000
0.000700
0.000000
0.000000
0.000000
0.000000
0.000000
0.000000
0.000000
0.000000
0.000000
0.000957
0.000000
0.001213
0.000834
0.000000
0.000000
0.000000
0.001074
0.000000
0.000811
0.000000
0.000957
0.000000
0.000000
0.000000
0.000000
0.000000
0.000000
0.000000
0.000000
0.000000
0.000000
0.000000
0.000000
0.001835
0.000000
0.000000
0.000000
0.000000
0.000000
0.000000
0.000751
0.000000
0.000000
0.000000
0.000000
0.000830
0.000000
0.000000
0.000000
0.001582
0.000000
0.000000
0.000724
0.000000
0.001621
0.000000
0.002390
0.001321
0.000000
0.000000
0.000000
0.000936
0.000000
0.000000
0.000000
0.000000
0.000000
0.000000
0.001142
0.000000
0.000000
0.000786
0.000000
0.000000
0.000000
0.000000
0.000000
0.000000
0.000000
0.000000
0.001263
0.000000
0.000000
0.000000
0.000000
0.000000
0.000000
0.000000
0.000000
0.001221
0.000000
0.000000
0.000000
0.000000
0.000851
0.000000
0.000000
0.000000
0.000000
0.000000
0.000690
0.000000
0.000000
0.000000
0.000000
0.000000
0.000000
0.000000
0.000000
0.000000
0.000000
0.000000
0.000000
0.000000
0.000000
0.000000
0.000000
0.000000
0.000000
0.000000
0.000000
0.000793
0.001208
0.000000
0.000000
0.000000
0.000000
0.000000
0.000000
0.000000
0.000000
0.000000
0.000000
0.000000
0.000864
0.002340
0.000811
0.000000
0.000000
0.003525
0.001176
0.000000
0.001470
0.000000
0.000000
0.000000
0.000000
0.000000
0.000000
0.000000
0.002797
0.000000
0.001156
0.000000
0.001007
0.000000
0.001700
0.000000
0.000000
0.000000
0.000000
0.000000
0.000000
0.000000
0.000000
0.000000
0.000000
0.000000
0.000000
0.000000
0.000000
0.000000
0.002170
0.000000
0.000867
0.001503
0.000000
0.000000
0.000000
0.000000
0.000000
0.000000
0.000000
0.001081
0.000000
0.000000
0.000000
0.000000
0.000000
0.000000
0.000000
0.000000
0.000000
0.000980
0.000000
0.000000
0.002091
0.000000
0.001126
0.000000
0.000000
0.000000
0.000000
0.000000
0.000000
0.001824
0.000000
0.000000
0.000000
0.001126
0.000797
0.000000
0.001835
0.000000
0.000000
0.000000
0.000000
0.000000
0.000000
0.000000
0.000000
0.000733
0.001115
0.000000
0.001946
0.000000
0.000000
0.000000
0.000000
0.000936
0.001440
0.000000
0.000000
0.000000
0.000000
0.000000
0.000000
0.000000
0.000000
0.000000
0.000000
0.000000
0.001186
0.000000
0.000000
0.000000
0.000000
0.000000
0.000000
0.000000
0.000000
0.000000
0.000000
0.000000
0.000000
0.000000
0.000000
0.000000
0.000000
0.000000
0.002043
0.000000
0.000000
0.003172
0.000000
0.000000
0.000000
0.000000
0.000000
0.002905
0.001128
0.000707
0.000000
0.000000
0.000000
0.000000
0.000000
0.000000
0.001185
0.000000
0.000000
0.000000
0.001022
0.001938
0.000850
0.000000
0.001086
0.001305
0.000990
0.000895
0.000000
0.000000
0.000000
0.000000
0.001582
0.000000
0.000000
0.000000
0.000000
0.000000
0.000727
0.000000
0.000877
0.000000
0.000000
0.000000
0.000000
0.000000
0.000000
0.000000
0.000844
0.000000
0.000000
0.000000
0.004768
0.000000
0.000000
0.000000
0.000000
0.000000
0.000953
0.000000
0.000000
0.000000
0.000000
0.000000
0.000000
0.000000
0.000000
0.000000
0.000930
0.000000
0.001099
0.000000
0.000000
0.000000
0.001702
0.001228
0.000000
0.001174
0.000000
0.000000
0.000000
0.000000
0.001303
0.000000
0.000000
0.000000
0.000000
0.000000
0.000000
0.000000
0.000000
0.000000
0.000000
0.000000
0.000000
0.001166
0.000000
0.000000
0.000000
0.000000
0.000859
0.000000
0.000000
0.000000
0.000000
0.000000
0.000729
0.000000
0.000000
0.000000
0.000683
0.001072
0.000932
0.001514
0.000996
0.000000
0.001634
0.000000
0.000000
0.000000
0.000000
0.000000
0.000000
0.000000
0.000000
0.000000
0.000000
0.000000
0.000000
0.001551
0.000000
0.000000
0.000000
0.000000
0.000775
0.000000
0.001889
0.000000
0.000000
0.000000
0.001007
0.000000
0.000000
0.000000
0.000000
0.000000
0.000000
0.000000
0.000000
0.000000
0.000000
0.000000
0.000000
0.000000
0.000000
0.000000
0.000000
0.000000
0.000000
0.000685
0.000000
0.001352
0.000000
0.000000
0.000000
0.000000
0.001331
0.000000
0.000000
0.077370
0.000000
0.002031
0.001363
0.000000
0.000000
0.000000
0.000000
0.000000
0.001323
0.000000
0.000000
0.000000
0.000000
0.001748
0.000000
0.001332
0.000000
0.000000
0.000000
0.000000
0.000000
0.000000
0.000777
0.000000
0.000000
0.000000
0.000000
0.000000
0.000000
0.000000
0.000000
0.000703
0.000000
0.000000
0.000000
0.000000
0.000000
0.000000
0.000685
0.000000
0.000000
0.000000
0.000000
0.000000
0.000000
0.000000
0.000000
0.000000
0.000000
0.000000
0.000000
0.000000
0.000000
0.000000
0.000000
0.000000
0.000000
0.000000
0.000000
0.000000
0.000000
0.000000
0.000767
0.000000
0.000000
0.000000
0.000000
0.000857
0.000000
0.001572
0.000000
0.000000
0.001208
0.000000
0.000000
0.001004
0.000000
0.001152
0.000000
0.000000
0.000000
0.000000
0.000000
0.000000
0.000000
0.000000
0.000000
0.000000
0.000000
0.000000
0.000000
0.000823
0.001312
0.000000
0.000000
0.000000
0.000000
0.000000
0.000781
0.001737
0.000000
0.001193
0.000000
0.001150
0.000000
0.000000
0.002479
0.000000
0.000000
0.001927
0.000000
0.001320
0.000000
0.000000
0.000000
0.000000
0.000000
0.000959
0.001327
0.000000
0.000000
0.000000
0.000000
0.000000
0.001229
0.000000
0.000897
0.000000
0.000000
0.000000
0.000000
0.000000
0.000000
0.000000
0.000000
0.000000
0.001110
0.000000
0.000000
0.000000
0.000000
0.000000
0.000000
0.000000
0.000000
0.000000
0.000000
0.000000
0.001610
0.000000
0.000000
0.000000
0.000978
0.000000
0.000000
0.000000
0.001286
0.000000
0.000846
0.000000
0.002011
0.000000
0.000000
0.000000
0.000000
0.000000
0.000000
0.000823
0.000000
0.000000
0.000000
0.000000
0.000000
0.001380
0.000000
0.000000
0.000000
0.000000
0.000000
0.000000
0.001192
0.001023
0.000000
0.000000
0.000000
0.000000
0.001322
0.000000
0.002082
0.000000
0.001567
0.000000
0.000000
0.000000
0.000000
0.000000
0.001271
0.000000
0.000000
0.001290
0.000000
0.000000
0.000000
0.000000
0.000000
0.000000
0.001521
0.000000
0.000000
0.000000
0.000000
0.000000
0.000000
0.000000
0.001824
0.004386
0.001028
0.000000
0.000000
0.000000
0.000000
0.000000
0.000738
0.000000
0.000000
0.001240
0.000768
0.000000
0.000000
0.000700
0.000000
0.000000
0.000000
0.000000
0.000000
0.000000
0.000000
0.000000
0.000000
0.000000
0.000799
0.000000
0.000000
0.000000
0.000000
0.000000
0.000000
0.000000
0.000000
0.001602
0.001171
0.000000
0.000000
0.000000
0.000000
0.000000
0.001477
0.001027
0.000000
0.000000
0.000000
0.000000
0.000000
0.000000
0.000000
0.000000
0.000000
0.000000
0.000000
0.000000
0.001130
0.000000
0.000000
0.001230
0.001608
0.000000
0.000733
0.000000
0.000000
0.000000
0.000000
0.000000
0.000000
0.000000
0.000822
0.000000
0.000000
0.000000
0.000000
0.000000
0.000000
0.000000
0.000000
0.000000
0.001206
0.000000
0.000000
0.001864
0.001099
0.000000
0.000000
0.000963
0.000000
0.000000
0.001861
0.000000
0.001293
0.000000
0.000741
0.000000
0.001495
0.000000
0.000000
0.000000
0.000000
0.000000
0.000000
0.001542
0.000000
0.000000
0.000000
0.000000
0.000000
0.000925
0.000000
0.000000
0.000000
0.000685
0.000000
0.000000
0.000000
0.001175
0.000694
0.001703
0.000000
0.000000
0.000000
0.000995
0.000000
0.000754
0.000808
0.000000
0.000000
0.002507
0.000000
0.000000
0.000000
0.000000
0.000000
0.000000
0.000000
0.000000
0.000000
0.000000
0.000000
0.000000
0.000000
0.000000
0.000000
0.000000
0.000000
0.000000
0.000000
0.000000
0.000000
0.000000
0.000000
0.000000
0.000825
0.000000
0.000764
0.000000
0.000000
0.000000
0.000000
0.000000
0.001612
0.000000
0.000000
0.000000
0.000000
0.001872
0.000000
0.000000
0.000000
0.000000
0.000000
0.000000
0.000000
0.000000
0.000000
0.000000
0.000000
0.000000
0.000000
0.000000
0.000000
0.000000
0.000000
0.000000
0.000000
0.000000
0.000000
0.000000
0.000000
0.000000
0.001868
0.001450
0.000000
0.000000
0.001395
0.001065
0.000743
0.000000
0.000000
0.000000
0.000712
0.000000
0.000000
0.000000
0.000909
0.000986
0.001514
0.000000
0.000000
0.000000
0.000000
0.000000
0.000000
0.000000
0.000000
0.000000
0.001172
0.000000
0.000000
0.000000
0.000000
0.000731
0.000000
0.000000
0.000798
0.000849
0.000000
0.000000
0.000971
0.000000
0.000000
0.000000
0.000000
0.000000
0.000000
0.001276
0.000000
0.000000
0.001835
0.000000
0.000000
0.000000
0.000000
0.000000
0.000000
0.000000
0.000000
0.000000
0.001465
0.000827
0.000000
0.000944
0.000000
0.000000
0.000000
0.000000
0.000000
0.000000
0.000000
0.000000
0.000000
0.000981
0.000000
0.001015
0.000000
0.000000
0.000712
0.000000
0.000000
0.001330
0.000000
0.000000
0.000000
0.000000
0.000000
0.001090
0.001477
0.000000
0.001779
0.000000
0.001127
0.000000
0.000000
0.000000
0.001216
0.000000
0.001112
0.000000
0.000000
0.000000
0.000000
0.000000
0.000000
0.000000
0.000787
0.000000
0.000000
0.000000
0.000000
0.000000
0.001419
0.001362
0.000000
0.000000
0.000000
0.000693
0.000000
0.000000
0.000000
0.000000
0.000000
0.001629
0.000000
0.000000
0.000000
0.000000
0.000000
0.000000
0.000000
0.000000
0.000000
0.000000
0.000000
0.001419
0.000000
0.001275
0.000000
0.000000
0.000000
0.001000
0.001359
0.000000
0.000000
0.001083
0.000000
0.000000
0.000000
0.000000
0.000000
0.001099
0.000000
0.000970
0.000000
0.000000
0.000000
0.000000
0.001057
0.000000
0.001261
0.000000
0.000000
0.000000
0.001634
0.000000
0.001007
0.000000
0.000979
0.000000
0.000000
0.000000
0.000000
0.000000
0.000000
0.000000
0.000000
0.000000
0.000871
0.000000
0.000000
0.000000
0.000000
0.000000
0.000000
0.000000
0.000000
0.000000
0.000000
0.000000
0.000738
0.001009
0.000000
0.000000
0.000000
0.000000
0.000000
0.000000
0.000000
0.000000
0.000000
0.000000
0.000000
0.000000
0.000000
0.002263
0.000000
0.001495
0.000000
0.000945
0.000000
0.000000
0.000000
0.000000
0.000000
0.000000
0.000000
0.000000
0.000000
0.000000
0.000000
0.000000
0.000000
0.000000
0.000000
0.000000
0.001735
0.000000
0.000000
0.000000
0.000000
0.000000
0.000000
0.000000
0.000000
0.000000
0.000000
0.000000
0.000000
0.000000
0.000743
0.000000
0.000000
0.000000
0.000000
0.000000
0.000000
0.000000
0.001053
0.000708
0.000000
0.000000
0.001028
0.000000
0.000000
0.000000
0.000000
0.000000
0.000000
0.000000
0.000000
0.000000
0.000000
0.000000
0.000000
0.000000
0.000000
0.000000
0.000000
0.000000
0.000000
0.000000
0.000000
0.000000
0.000000
0.000000
0.000000
0.000000
0.000000
0.000000
0.000000
0.000000
0.000000
0.000000
0.000000
0.001882
0.000000
0.001019
0.000000
0.000000
0.001107
0.000885
0.000000
0.000000
0.000000
0.000707
0.000000
0.000000
0.000000
0.000000
0.000000
0.001110
0.000000
0.000000
0.000000
0.000000
0.000000
0.001062
0.000000
0.001295
0.000000
0.000000
0.000000
0.000000
0.000000
0.000000
0.000000
0.000000
0.000795
0.000000
0.000000
0.000000
0.000000
0.000000
0.000000
0.000000
0.000000
0.000000
0.000000
0.000000
0.000921
0.000000
0.000000
0.000000
0.000772
0.001448
0.001703
0.000000
0.000000
0.000000
0.000000
0.000000
0.000843
0.000000
0.001267
0.000000
0.000000
0.000000
0.000000
0.000000
0.000000
0.001752
0.000000
0.000000
0.000000
0.000000
0.000000
0.000000
0.000000
0.000000
0.000000
0.000000
0.000000
0.000000
0.000000
0.000000
0.000000
0.000000
0.000000
0.000000
0.000000
0.000000
0.000000
0.001855
0.001478
0.000000
0.000000
0.000876
0.000000
0.000000
0.000000
0.000000
0.000715
0.000000
0.000996
0.000000
0.000000
0.001216
0.000000
0.000000
0.000000
0.000000
0.000000
0.000000
0.000000
0.000000
0.000000
0.000000
0.000000
0.000000
0.000962
0.000000
0.000000
0.000000
0.000000
0.000000
0.001233
0.000000
0.000000
0.000000
0.000000
0.000000
0.000000
0.000000
0.000000
0.000000
0.000000
0.000000
0.000000
0.000000
0.000000
0.000000
0.000000
0.000000
0.000000
0.000000
0.000000
0.000000
0.000000
0.000000
0.000717
0.000000
0.000000
0.000000
0.000000
0.001684
0.000000
0.000000
0.000000
0.000755
0.000000
0.001189
0.000000
0.000000
0.000000
0.000000
0.000000
0.000000
0.000000
0.000000
0.000000
0.000000
0.000000
0.000000
0.000000
0.000000
0.001433
0.000000
0.000000
0.001030
0.000000
0.000000
0.000000
0.000000
0.000000
0.000000
0.000891
0.000000
0.000000
0.000718
0.000000
0.000000
0.000000
0.000000
0.000000
0.000000
0.000000
0.000000
0.000000
0.000000
0.000000
0.000000
0.000000
0.000000
0.000000
0.000000
0.000000
0.000000
0.000000
0.000000
0.000000
0.000000
0.000000
0.000000
0.000000
0.000000
0.000000
0.000000
0.001159
0.001859
0.000690
0.000000
0.000000
0.000000
0.000000
0.000000
0.000000
0.000000
0.000000
0.001004
0.000000
0.000000
0.000000
0.000000
0.000903
0.000000
0.000817
0.000000
0.000000
0.000000
0.000000
0.000000
0.000781
0.000000
0.000000
0.000988
0.000000
0.000000
0.000000
0.000000
0.000000
0.000000
0.000000
0.000000
0.000000
0.000000
0.000000
0.000000
0.000000
0.000000
0.000000
0.000000
0.000000
0.000000
0.000751
0.000000
0.000000
0.000000
0.000000
0.000000
0.000000
0.000000
0.000000
0.001567
0.000000
0.000704
0.000710
0.000000
0.000000
0.000000
0.000764
0.000000
0.000000
0.000000
0.000000
0.000000
0.000998
0.000000
0.001105
0.000000
0.000000
0.000990
0.000000
0.000000
0.000000
0.000000
0.000000
0.000000
0.000000
0.001788
0.000895
0.000000
0.000000
0.000000
0.000000
0.000000
0.000802
0.000000
0.001571
0.000734
0.001097
0.000000
0.000000
0.000000
0.000000
0.000000
0.000000
0.000000
0.000000
0.000000
0.001061
0.000000
0.000000
0.000000
0.000000
0.000000
0.000000
0.000000
0.000000
0.000000
0.000000
0.000000
0.000000
0.000686
0.000000
0.000739
0.000844
0.000000
0.000000
0.001400
0.000856
0.000000
0.000000
0.000875
0.000000
0.000000
0.000000
0.000000
0.000000
0.000000
0.000000
0.000000
0.000000
0.002697
0.000000
0.000824
0.000000
0.000000
0.000000
0.000000
0.001433
0.000000
0.000000
0.000000
0.000000
0.001193
0.000000
0.000000
0.000816
0.000000
0.000000
0.000000
0.001194
0.000927
0.000000
0.000000
0.000000
0.000000
0.000000
0.000704
0.000000
0.000000
0.000000
0.001513
0.000000
0.001761
0.000000
0.000000
0.000000
0.000000
0.000813
0.000000
0.001094
0.000000
0.000000
0.000739
0.000000
0.000000
0.000000
0.000000
0.000000
0.000000
0.000000
0.000000
0.000000
0.000000
0.000000
0.000000
0.000000
0.000000
0.001209
0.000839
0.000000
0.000000
0.000000
0.000000
0.000000
0.000000
0.000000
0.000000
0.000000
0.000000
0.000000
0.000000
0.000000
0.000000
0.000000
0.000000
0.000000
0.000000
0.000000
0.000000
0.000000
0.000000
0.000000
0.000000
0.000000
0.000000
0.000000
0.000000
0.000000
0.000000
0.000000
0.000893
0.000000
0.000000
0.000000
0.000000
0.000000
0.000956
0.000000
0.000000
0.000000
0.000000
0.000000
0.000000
0.000000
0.000723
0.000000
0.000000
0.000000
0.000000
0.000000
0.000000
0.000000
0.000000
0.000000
0.000710
0.000000
0.000000
0.001876
0.000000
0.000891
0.000000
0.000000
0.000842
0.000846
0.000000
0.000000
0.000000
0.000000
0.000970
0.001450
0.000000
0.000000
0.000000
0.000000
0.000000
0.000000
0.000000
0.000990
0.000000
0.000946
0.000000
0.000000
0.000000
0.000000
0.000781
0.000000
0.000910
0.000000
0.000000
0.000000
0.000000
0.000000
0.000773
0.000000
0.000756
0.000000
0.000000
0.000675
0.000000
0.000000
0.000000
0.000000
0.000000
0.000000
0.000000
0.000000
0.000000
0.001099
0.000000
0.000704
0.000000
0.000000
0.001171
0.000736
0.001014
0.000000
0.000000
0.000000
0.000000
0.000000
0.000000
0.000731
0.000000
0.000000
0.000000
0.000000
0.002116
0.000000
0.000000
0.000000
0.000000
0.000000
0.000000
0.000000
0.002161
0.000000
0.000000
0.000000
0.000000
0.000000
0.000000
0.000000
0.000000
0.000000
0.000000
0.000000
0.000000
0.000793
0.002154
0.000907
0.000000
0.000000
0.000000
0.000000
0.000698
0.000000
0.000000
0.000000
0.000000
0.000000
0.000000
0.000000
0.000000
0.000000
0.000000
0.000000
0.000718
0.001141
0.000000
0.000923
0.000000
0.000000
0.000000
0.000000
0.000000
0.001379
0.001384
0.000000
0.000000
0.000000
0.000000
0.000000
0.000000
0.000000
0.000000
0.000000
0.001399
0.000000
0.000000
0.000000
0.000966
0.000000
0.000000
0.000844
0.000000
0.000000
0.000000
0.000000
0.000000
0.000000
0.000000
0.000000
0.000000
0.000000
0.000000
0.000000
0.000000
0.000000
0.001331
0.000000
0.000000
0.000000
0.000000
0.000000
0.001248
0.000000
0.000000
0.000000
0.001380
0.000000
0.000000
0.000794
0.000000
0.000000
0.000000
0.000000
0.000000
0.000000
0.000000
0.000000
0.000000
0.000000
0.000000
0.000000
0.000000
0.001220
0.000000
0.000000
0.000000
0.000000
0.000000
0.000000
0.000000
0.000000
0.000000
0.000000
0.000000
0.001319
0.000000
0.000000
0.000000
0.000000
0.000000
0.000000
0.000000
0.000000
0.001832
0.000000
0.000000
0.000000
0.000000
0.000000
0.000000
0.000000
0.000000
0.000000
0.000000
0.000000
0.000000
0.000000
0.000000
0.001437
0.000000
0.000000
0.000971
0.000000
0.000000
0.000000
0.000000
0.003649
0.000000
0.000774
0.001525
0.000000
0.000000
0.000000
0.000000
0.000000
0.000000
0.000000
0.000000
0.000000
0.000000
0.000000
0.000000
0.000000
0.000000
0.000000
0.000000
0.000000
0.000000
0.001487
0.000922
0.000000
0.001449
0.000000
0.000000
0.000000
0.000681
0.000000
0.000000
0.000000
0.000000
0.000000
0.000000
0.000000
0.000000
0.000000
0.000000
0.000000
0.000000
0.000000
0.000000
0.000000
0.001119
0.000000
0.000000
0.000890
0.000000
0.000000
0.000000
0.000693
0.000000
0.000000
0.000000
0.000000
0.001252
0.000000
0.000000
0.000000
0.000000
0.001134
0.000000
0.000000
0.000000
0.000000
0.000000
0.000000
0.001031
0.000000
0.000000
0.000000
0.000000
0.000000
0.000000
0.000000
0.000000
0.000000
0.000000
0.000000
0.000000
0.000000
0.000000
0.001141
0.000000
0.000000
0.000000
0.000000
0.000000
0.001855
0.000000
0.000000
0.000000
0.000000
0.000000
0.000000
0.001354
0.000000
0.000000
0.000770
0.000816
0.000000
0.000777
0.000000
0.000000
0.000000
0.000000
0.000000
0.000777
0.001351
0.000000
0.000000
0.000000
0.000000
0.000000
0.000000
0.000000
0.000000
0.000000
0.000000
0.000730
0.000000
0.000000
0.000000
0.000000
0.000000
0.000000
0.000000
0.001123
0.000000
0.000000
0.000000
0.001088
0.000000
0.000000
0.000000
0.001313
0.001528
0.000760
0.000000
0.000000
0.001911
0.000000
0.000000
0.001392
0.000721
0.000000
0.000000
0.000000
0.000000
0.000000
0.000000
0.000725
0.000000
0.000000
0.000000
0.000000
0.000000
0.001834
0.000000
0.001819
0.000884
0.000000
0.000000
0.001015
0.000000
0.000000
0.000000
0.000000
0.000000
0.000000
0.000000
0.000000
0.000000
0.000000
0.000000
0.000000
0.000000
0.000000
0.000000
0.000000
0.002512
0.000000
0.000000
0.000000
0.000820
0.000000
0.000000
0.001183
0.000000
0.000000
0.000000
0.000000
0.001003
0.001227
0.000942
0.000000
0.000000
0.001081
0.000000
0.000000
0.000000
0.000000
0.000000
0.000000
0.000000
0.000000
0.000817
0.000000
0.000000
0.000000
0.000000
0.000000
0.000000
0.000000
0.001325
0.000000
0.000000
0.001067
0.000000
0.000000
0.001610
0.001273
0.000000
0.000000
0.000000
0.000000
0.000000
0.000000
0.000000
0.000000
0.002181
0.000000
0.000000
0.000000
0.000000
0.000000
0.000000
0.000000
0.000000
0.000000
0.000000
0.000000
0.000000
0.000000
0.000000
0.000000
0.000000
0.000000
0.001332
0.001924
0.000000
0.000000
0.000000
0.000000
0.001671
0.000000
0.000000
0.000000
0.000000
0.000718
0.000000
0.000000
0.000000
0.000000
0.000000
0.000000
0.000905
0.000000
0.000000
0.000000
0.000000
0.000000
0.000774
0.000000
0.000000
0.000000
0.000000
0.000000
0.001461
0.000000
0.000000
0.000000
0.000810
0.001945
0.000000
0.000000
0.000000
0.000000
0.000000
0.000000
0.000000
0.000687
0.000678
0.000000
0.000000
0.000967
0.000000
0.001736
0.000000
0.000000
0.000000
0.000000
0.000000
0.000000
0.000000
0.000000
0.000000
0.000000
0.000000
0.000000
0.000000
0.000000
0.000000
0.000723
0.001705
0.000000
0.000000
0.000000
0.000000
0.000000
0.000000
0.000000
0.001290
0.000000
0.001138
0.000000
0.000000
0.000000
0.000000
0.001104
0.000000
0.000000
0.000000
0.000000
0.000000
0.000000
0.000000
0.000000
0.000000
0.000000
0.000000
0.000853
0.000000
0.000000
0.000000
0.000000
0.000000
0.000000
0.000000
0.000000
0.000934
0.000000
0.000000
0.000000
0.000000
0.000000
0.000000
0.000744
0.000000
0.000697
0.000000
0.000000
0.000000
0.000000
0.001317
0.000000
0.000000
0.000000
0.000000
0.000730
0.000000
0.000000
0.000000
0.000000
0.000000
0.000000
0.000000
0.000705
0.000000
0.000000
0.000000
0.000000
0.000000
0.000000
0.000000
0.000944
0.000000
0.000000
0.000779
0.000000
0.000000
0.000000
0.000000
0.001795
0.000000
0.000000
0.000000
0.001245
0.000000
0.000000
0.001371
0.000000
0.000000
0.000000
0.000000
0.000000
0.000000
0.000000
0.000000
0.001172
0.000000
0.000000
0.000000
0.000802
0.000000
0.000000
0.000000
0.000000
0.000000
0.000000
0.000000
0.000000
0.000000
0.000000
0.000000
0.001617
0.000000
0.000000
0.000000
0.000735
0.000000
0.001943
0.000000
0.000000
0.000000
0.000000
0.000000
0.000000
0.000000
0.000000
0.000921
0.000000
0.000000
0.000000
0.000000
0.000000
0.000000
0.000000
0.000000
0.000000
0.001312
0.000000
0.000000
0.000000
0.000000
0.000982
0.000000
0.001274
0.000717
0.000000
0.000677
0.000000
0.000000
0.000000
0.000000
0.000000
0.000000
0.000000
0.000000
0.000000
0.000000
0.000000
0.000000
0.000000
0.000000
0.000000
0.000000
0.000000
0.000832
0.000911
0.000000
0.000000
0.000000
0.001298
0.001303
0.001220
0.000000
0.000000
0.000000
0.000000
0.000000
0.000997
0.000726
0.000000
0.000000
0.000000
0.000000
0.000000
0.000837
0.000944
0.000000
0.001209
0.000000
0.000000
0.000000
0.000000
0.000000
0.000000
0.000696
0.001137
0.000000
0.001596
0.000000
0.000000
0.000000
0.000000
0.000000
0.000000
0.000854
0.001033
0.000000
0.000000
0.000000
0.000000
0.000000
0.000000
0.000000
0.000000
0.001592
0.001072
0.000000
0.000000
0.000000
0.001184
0.000000
0.000683
0.000000
0.000000
0.001283
0.001191
0.000000
0.000000
0.000000
0.000000
0.000737
0.000000
0.000000
0.000000
0.000000
0.000000
0.000000
0.000000
0.001357
0.000000
0.000000
0.000000
0.000000
0.000000
0.000000
0.000000
0.000000
0.000000
0.001374
0.000000
0.000000
0.001067
0.000000
0.000000
0.000000
0.000000
0.000000
0.000930
0.000000
0.000000
0.001252
0.000000
0.000000
0.000000
0.000000
0.001221
0.000000
0.000000
0.000000
0.001020
0.000000
0.000000
0.000888
0.000000
0.000000
0.000937
0.000912
0.000000
0.000000
0.000000
0.001700
0.000000
0.000000
0.000000
0.000692
0.000000
0.000000
0.000000
0.000000
0.000000
0.001301
0.000000
0.000000
0.000000
0.000000
0.000000
0.000000
0.000000
0.002129
0.000000
0.000000
0.000000
0.000000
0.000000
0.000000
0.000000
0.000000
0.000000
0.000000
0.000000
0.000000
0.000786
0.000000
0.000000
0.000000
0.001847
0.000000
0.000000
0.000000
0.000000
0.000000
0.000000
0.000000
0.000000
0.000000
0.000000
0.001120
0.002015
0.000000
0.001756
0.000000
0.000798
0.000000
0.000000
0.000000
0.000000
0.000000
0.000000
0.002242
0.000000
0.000000
0.000000
0.000000
0.000000
0.000000
0.000000
0.000000
0.000000
0.000000
0.000000
0.001217
0.000878
0.001157
0.000000
0.000000
0.000909
0.000884
0.001001
0.000000
0.000942
0.000000
0.000000
0.000000
0.001813
0.000000
0.000000
0.000000
0.000000
0.000000
0.001526
0.000000
0.000000
0.000000
0.000000
0.000000
0.000000
0.000000
0.000000
0.000000
0.001062
0.000000
0.000000
0.000000
0.000000
0.000965
0.000000
0.000000
0.000000
0.000000
0.000000
0.000000
0.000000
0.000000
0.000000
0.000723
0.001147
0.000000
0.000000
0.000773
0.000000
0.000000
0.001132
0.000000
0.000000
0.000000
0.000000
0.000767
0.000000
0.000000
0.000000
0.000000
0.000000
0.001664
0.001516
0.000000
0.000835
0.000000
0.002256
0.000000
0.000000
0.000000
0.000000
0.000000
0.000000
0.000000
0.000000
0.000000
0.000000
0.000702
0.000000
0.000000
0.001083
0.000000
0.000000
0.000000
0.000000
0.000000
0.000000
0.000000
0.000000
0.000000
0.000000
0.001478
0.000000
0.000000
0.000000
0.000000
0.000000
0.000000
0.000000
0.000000
0.001000
0.000000
0.000000
0.000000
0.000000
0.000000
0.001240
0.000943
0.000000
0.000000
0.000000
0.001475
0.000693
0.000000
0.000000
0.000000
0.000000
0.000000
0.000000
0.000000
0.000000
0.000000
0.000000
0.000000
0.000000
0.000000
0.001029
0.000000
0.000000
0.000986
0.000000
0.000000
0.000000
0.000000
0.000000
0.000000
0.000763
0.000000
0.000000
0.000844
0.000000
0.000000
0.000927
0.000000
0.000000
0.000000
0.000000
0.000000
0.000000
0.000000
0.000000
0.000000
0.000000
0.000000
0.000000
0.000000
0.001100
0.000000
0.000000
0.000000
0.000000
0.000000
0.000860
0.000000
0.000000
0.000827
0.000690
0.001247
0.001341
0.000000
0.000000
0.000000
0.000000
0.000000
0.001186
0.000000
0.000000
0.000000
0.001082
0.001068
0.000000
0.000000
0.000000
0.000985
0.000000
0.000000
0.000000
0.000739
0.000000
0.000000
0.001891
0.001334
0.000000
0.000000
0.000000
0.000000
0.000000
0.000000
0.000000
0.000000
0.000975
0.001117
0.000000
0.000000
0.001638
0.000000
0.000000
0.000000
0.000000
0.000000
0.000000
0.000000
0.000000
0.000000
0.000000
0.000000
0.000000
0.001058
0.000000
0.000799
0.000000
0.000000
0.001522
0.000000
0.001735
0.000000
0.000000
0.001269
0.000000
0.000000
0.000000
0.000000
0.000000
0.000000
0.000000
0.000921
0.000000
0.000000
0.000000
0.000000
0.000000
0.000000
0.000000
0.001073
0.000000
0.000000
0.000000
0.000000
0.000000
0.000000
0.000000
0.000000
0.000000
0.000000
0.000000
0.000000
0.000000
0.000000
0.000000
0.000000
0.000000
0.000000
0.000000
0.000000
0.000000
0.000000
0.001313
0.000000
0.001695
0.000000
0.000939
0.000000
0.000000
0.000000
0.000000
0.000000
0.000000
0.001410
0.000000
0.000000
0.000000
0.000000
0.000000
0.000000
0.000692
0.000905
0.001200
0.000000
0.000000
0.000000
0.000000
0.000955
0.000000
0.000000
0.000000
0.000000
0.000000
0.000000
0.001056
0.000823
0.000000
0.000000
0.000000
0.000000
0.000000
0.000000
0.000000
0.000000
0.000000
0.000000
0.000000
0.000000
0.000000
0.001992
0.000000
0.000000
0.001036
0.000000
0.000000
0.000000
0.000000
0.000000
0.000000
0.000000
0.000000
0.000000
0.000000
0.001475
0.001038
0.000000
0.000000
0.000000
0.000000
0.001149
0.000000
0.000774
0.000000
0.000000
0.000000
0.000000
0.000000
0.000000
0.001118
0.000875
0.000000
0.000000
0.000000
0.000000
0.000000
0.000000
0.000000
0.000000
0.000000
0.001116
0.000000
0.000000
0.000000
0.001235
0.000000
0.001742
0.000000
0.000000
0.000000
0.000000
0.001131
0.000000
0.000000
0.002092
0.000000
0.001454
0.000000
0.000000
0.000000
0.000000
0.000000
0.000000
0.000000
0.000826
0.000000
0.000000
0.000000
0.000682
0.000000
0.000000
0.002201
0.000000
0.000000
0.000000
0.000000
0.000794
0.000000
0.000000
0.000000
0.000683
0.001048
0.000000
0.000000
0.000000
0.000000
0.000000
0.000000
0.000000
0.000000
0.000000
0.000000
0.000855
0.000000
0.000784
0.000000
0.000000
0.000000
0.000000
0.000000
0.000000
0.000000
0.000000
0.000000
0.001568
0.000000
0.000763
0.000000
0.000000
0.000000
0.000000
0.001333
0.000000
0.000000
0.000000
0.000000
0.000000
0.000000
0.001086
0.001346
0.000000
0.000000
0.000000
0.000000
0.000000
0.000000
0.000000
0.000000
0.000000
0.000000
0.000000
0.000000
0.001636
0.000000
0.000000
0.000000
0.000000
0.000000
0.000810
0.000000
0.000736
0.001210
0.000000
0.000000
0.000000
0.000936
0.000000
0.000000
0.000000
0.000000
0.001063
0.001831
0.000000
0.000000
0.000000
0.000000
0.000000
0.000938
0.000000
0.000000
0.000000
0.000000
0.000787
0.000000
0.000000
0.000000
0.000000
0.000000
0.000000
0.000000
0.000000
0.000000
0.000000
0.001264
0.001487
0.000000
0.000000
0.001166
0.000000
0.000000
0.000000
0.000000
0.001589
0.000000
0.000000
0.000000
0.000000
0.000000
0.001219
0.000000
0.000846
0.000000
0.000000
0.000000
0.000000
0.000000
0.000000
0.000000
0.000000
0.000000
0.000879
0.000000
0.000000
0.000000
0.000000
0.000000
0.000837
0.000000
0.000000
0.000000
0.000000
0.000000
0.000000
0.001212
0.000000
0.000000
0.000000
0.000000
0.000000
0.000000
0.000810
0.000000
0.000000
0.000000
0.000000
0.000000
0.000875
0.000000
0.000000
0.000000
0.001368
0.000000
0.000000
0.000000
0.000000
0.000000
0.000000
0.000000
0.000000
0.000000
0.000000
0.000909
0.000000
0.000000
0.000000
0.000000
0.000000
0.001220
0.000000
0.000000
0.000000
0.000892
0.000000
0.000000
0.000000
0.000000
0.000707
0.000000
0.000000
0.000000
0.000000
0.000864
0.000000
0.000000
0.000000
0.000000
0.000000
0.000000
0.000000
0.000000
0.000000
0.000000
0.000000
0.000000
0.001402
0.000840
0.000000
0.001144
0.000000
0.000000
0.001899
0.001361
0.000000
0.000000
0.000000
0.000000
0.000000
0.000000
0.000000
0.000000
0.000000
0.000000
0.000000
0.000687
0.000000
0.000000
0.000000
0.000945
0.000000
0.000000
0.000000
0.000000
0.000000
0.000955
0.000000
0.000000
0.000000
0.000000
0.000000
0.000000
0.000000
0.000000
0.000000
0.000000
0.000000
0.000000
0.000000
0.000960
0.000000
0.000000
0.000000
0.000000
0.000000
0.000000
0.000000
0.000000
0.000765
0.000000
0.000000
0.000000
0.000000
0.000000
0.000000
0.000000
0.000000
0.000711
0.000000
0.000000
0.000000
0.001858
0.000000
0.000000
0.000000
0.000000
0.000000
0.000000
0.000000
0.000886
0.000000
0.000000
0.000000
0.000894
0.000000
0.000000
0.000000
0.000000
0.000000
0.000000
0.000843
0.000000
0.000000
0.000000
0.002661
0.000000
0.001136
0.000000
0.000831
0.000000
0.000000
0.000000
0.000000
0.000000
0.000000
0.000000
0.000000
0.000000
0.000995
0.000000
0.000000
0.001505
0.000000
0.000753
0.000000
0.000000
0.000000
0.000000
0.000961
0.000000
0.000000
0.000000
0.000000
0.000000
0.000000
0.000000
0.000000
0.000000
0.000000
0.000000
0.001898
0.001021
0.001058
0.000698
0.000000
0.000000
0.000000
0.000000
0.000000
0.000000
0.000931
0.000810
0.000000
0.000000
0.000000
0.000000
0.000000
0.000749
0.000000
0.000000
0.001506
0.000000
0.000000
0.001993
0.000000
0.000000
0.001198
0.000000
0.000801
0.000000
0.000987
0.000000
0.001266
0.000000
0.000000
0.000000
0.000000
0.000716
0.000000
0.000000
0.000000
0.000000
0.001348
0.000000
0.000000
0.000000
0.000000
0.000857
0.000000
0.000000
0.000000
0.000000
0.000811
0.000000
0.000000
0.000000
0.000000
0.000000
0.000000
0.000000
0.000000
0.000748
0.000000
0.000000
0.000000
0.000000
0.000000
0.001062
0.000000
0.001405
0.000000
0.000000
0.000000
0.000000
0.000000
0.001472
0.000000
0.000000
0.000000
0.000000
0.000000
0.000000
0.000000
0.000000
0.000000
0.000000
0.000877
0.000000
0.000000
0.000000
0.000000
0.000000
0.000840
0.000000
0.000000
0.000000
0.000000
0.000000
0.000000
0.000000
0.000000
0.000000
0.000000
0.000000
0.000000
0.000704
0.000000
0.000000
0.000000
0.000000
0.001421
0.000000
0.000000
0.000000
0.000000
0.000000
0.001125
0.000000
0.000000
0.000000
0.000000
0.000000
0.000000
0.000000
0.000000
0.000000
0.000000
0.000000
0.000000
0.000000
0.000000
0.000000
0.000000
0.002254
0.000000
0.000000
0.000000
0.001063
0.000000
0.000000
0.001717
0.000000
0.000000
0.000000
0.000000
0.000000
0.000000
0.000000
0.000779
0.000000
0.000000
0.000000
0.000000
0.000717
0.001060
0.000739
0.000000
0.001205
0.000000
0.000000
0.000000
0.000000
0.000000
0.000000
0.000795
0.000000
0.001290
0.000000
0.000000
0.000887
0.000000
0.001032
0.000000
0.000000
0.000000
0.000000
0.000000
0.000822
0.000000
0.000714
0.001057
0.000770
0.001039
0.000000
0.000000
0.000000
0.001854
0.000000
0.000000
0.000000
0.000000
0.000000
0.000000
0.000972
0.000000
0.000000
0.000000
0.000000
0.000000
0.000843
0.000000
0.000000
0.000000
0.000000
0.000859
0.000000
0.000958
0.000000
0.000000
0.000000
0.000000
0.000000
0.000000
0.000000
0.001319
0.000000
0.000000
0.000000
0.000000
0.000000
0.000000
0.000786
0.001510
