0.000000
0.000000
0.000674
0.000000
0.000000
0.000000
0.000000
0.000000
0.000000
0.000000
0.000000
0.000480
0.000000
0.000000
0.000000
0.000667
0.001468
0.000000
0.000494
0.000000
0.000000
0.001595
0.000000
0.000000
0.000000
0.001147
0.000000
0.000757
0.000000
0.000000
0.001053
0.000711
0.000000
0.000000
0.000000
0.000000
0.000000
0.000000
0.000000
0.000000
0.000000
0.000744
0.000531
0.000919
0.000000
0.000421
0.001232
0.000000
0.000391
0.000387
0.000000
0.000000
0.000000
0.000000
0.000000
0.000000
0.000000
0.000000
0.000876
0.000000
0.000000
0.000993
0.000000
0.000000
0.000000
0.000000
0.000000
0.000000
0.000000
0.000636
0.001151
0.000450
0.000000
0.000493
0.000957
0.000966
0.000000
0.000000
0.000000
0.000531
0.000000
0.000720
0.000000
0.000000
0.000871
0.000000
0.000000
0.000376
0.001699
0.000000
0.000000
0.000000
0.000000
0.000000
0.000568
0.000000
0.001027
0.000436
0.000000
0.000637
0.001075
0.000895
0.000000
0.000000
0.000000
0.000000
0.000000
0.000000
0.000000
0.000000
0.000000
0.000000
0.000000
0.002474
0.001645
0.000000
0.000000
0.001950
0.000000
0.000000
0.000000
0.000659
0.001055
0.000000
0.000000
0.000969
0.000000
0.000000
0.000000
0.000000
0.000479
0.000000
0.000000
0.000000
0.000764
0.000430
0.000000
0.000000
0.000720
0.000417
0.001049
0.000000
0.000000
0.000480
0.000000
0.000000
0.000000
0.000000
0.000000
0.000000
0.000000
0.000000
0.000415
0.000000
0.000723
0.000685
0.000000
0.001323
0.000487
0.000000
0.000000
0.000000
0.001123
0.000000
0.000000
0.000773
0.000000
0.000000
0.000000
0.000000
0.000000
0.002139
0.000000
0.000542
0.000000
0.000723
0.000000
0.000000
0.000000
0.000000
0.000000
0.000000
0.000000
0.000000
0.000000
0.000000
0.001102
0.000768
0.000000
0.000000
0.000000
0.000525
0.000000
0.000000
0.000000
0.001128
0.000742
0.001613
0.000000
0.001367
0.000000
0.000000
0.000000
0.000000
0.000000
0.000000
0.000000
0.000706
0.000612
0.000000
0.000797
0.000000
0.000000
0.000797
0.000000
0.001182
0.001052
0.000382
0.000000
0.000000
0.000520
0.000000
0.000730
0.000000
0.000000
0.000000
0.000000
0.000589
0.000000
0.001091
0.000000
0.000476
0.000000
0.000000
0.000890
0.000000
0.000000
0.000000
0.000000
0.000560
0.000424
0.000000
0.001434
0.000000
0.000000
0.000000
0.000000
0.000930
0.000000
0.000000
0.000609
0.000704
0.000000
0.001292
0.001176
0.000000
0.001285
0.000000
0.000000
0.000000
0.000000
0.000000
0.000000
0.000000
0.000000
0.000000
0.000000
0.000000
0.000658
0.000000
0.000000
0.000000
0.000000
0.001328
0.000000
0.001079
0.000000
0.000000
0.000000
0.001348
0.000000
0.000000
0.000000
0.000000
0.000880
0.000000
0.000000
0.000000
0.001413
0.000416
0.000000
0.001974
0.000000
0.000000
0.000000
0.000000
0.000000
0.000000
0.000741
0.000000
0.000000
0.000648
0.000000
0.001422
0.000000
0.000000
0.000000
0.000000
0.000000
0.000377
0.000513
0.000000
0.000000
0.000000
0.000000
0.000000
0.000000
0.000643
0.000619
0.000000
0.000926
0.000000
0.000000
0.000000
0.000000
0.001257
0.000000
0.000582
0.000000
0.000000
0.000437
0.000000
0.000000
0.000000
0.000000
0.000000
0.000583
0.000000
0.000000
0.000000
0.000696
0.000000
0.000000
0.000000
0.000000
0.000000
0.000000
0.000000
0.000394
0.000562
0.000555
0.000000
0.000000
0.000493
0.000000
0.000000
0.000703
0.000000
0.000000
0.000451
0.000000
0.000000
0.000409
0.001112
0.000000
0.000000
0.000880
0.000000
0.000000
0.000978
0.000000
0.000000
0.000000
0.000446
0.000000
0.000000
0.002034
0.000000
0.000000
0.000000
0.000000
0.000000
0.000000
0.000414
0.000000
0.000000
0.000549
0.000760
0.000000
0.000000
0.000000
0.000000
0.000000
0.000000
0.000000
0.000000
0.000000
0.000000
0.000469
0.000000
0.000000
0.000000
0.000000
0.000531
0.001293
0.000000
0.000000
0.000000
0.000383
0.000000
0.000000
0.000000
0.000000
0.000581
0.000502
0.000000
0.000781
0.000000
0.000000
0.000000
0.000000
0.000000
0.000527
0.000000
0.000000
0.000000
0.000000
0.000000
0.000000
0.000000
0.000000
0.000774
0.000000
0.000000
0.000000
0.000000
0.000000
0.000000
0.000543
0.000000
0.000556
0.000000
0.000000
0.000000
0.000000
0.000000
0.000000
0.000000
0.001077
0.000000
0.000000
0.000000
0.000000
0.000825
0.000422
0.000000
0.000000
0.000000
0.000776
0.000000
0.000478
0.000000
0.000425
0.000000
0.000000
0.001125
0.000000
0.000000
0.000000
0.000000
0.000000
0.000000
0.000000
0.000000
0.000000
0.001740
0.000473
0.000000
0.000000
0.000000
0.000000
0.000000
0.000000
0.000864
0.000000
0.000000
0.000000
0.000000
0.000466
0.000000
0.000000
0.000000
0.000000
0.000000
0.000000
0.000000
0.000000
0.000654
0.000721
0.000000
0.000429
0.000000
0.000645
0.000000
0.000000
0.000000
0.000000
0.000000
0.000000
0.000427
0.000000
0.000000
0.000000
0.000000
0.000000
0.000000
0.000000
0.000000
0.000000
0.000000
0.000946
0.000429
0.000000
0.000672
0.000623
0.000000
0.000000
0.000000
0.000000
0.000000
0.000000
0.000000
0.000000
0.000782
0.000000
0.000670
0.000572
0.000000
0.000000
0.000000
0.000599
0.000442
0.000793
0.000000
0.000603
0.000000
0.000000
0.000000
0.000630
0.000000
0.000000
0.000000
0.000000
0.000000
0.000423
0.000000
0.000000
0.001495
0.000000
0.000000
0.000974
0.000000
0.000000
0.000000
0.000438
0.000000
0.000000
0.000000
0.000000
0.000894
0.000000
0.000000
0.000000
0.001521
0.000000
0.000386
0.000779
0.000000
0.001460
0.000000
0.002398
0.001058
0.000000
0.000000
0.000000
0.000525
0.000000
0.000000
0.000000
0.000000
0.000000
0.000000
0.001002
0.000000
0.000000
0.000622
0.000000
0.000000
0.000000
0.000000
0.000000
0.000000
0.000000
0.000000
0.000888
0.000000
0.000792
0.000000
0.000447
0.000000
0.000000
0.000000
0.000607
0.001015
0.000000
0.000000
0.000000
0.000000
0.000796
0.000000
0.000476
0.000000
0.000000
0.000000
0.000877
0.000000
0.000000
0.000000
0.000000
0.000000
0.000000
0.000000
0.000000
0.000000
0.000000
0.000000
0.000000
0.000000
0.000000
0.000000
0.000000
0.000000
0.000000
0.000632
0.000000
0.000524
0.001084
0.000690
0.000000
0.000000
0.000000
0.000000
0.000000
0.000389
0.000000
0.000499
0.000771
0.000000
0.000809
0.001787
0.000541
0.000000
0.000000
0.003238
0.000774
0.000000
0.000976
0.000000
0.000000
0.000000
0.000000
0.000000
0.000613
0.000000
0.002282
0.000000
0.001030
0.000000
0.000951
0.000000
0.001124
0.000000
0.000000
0.000000
0.000000
0.000000
0.000392
0.000000
0.000000
0.000000
0.000000
0.000000
0.000000
0.000000
0.000000
0.000000
0.002105
0.000000
0.000877
0.001348
0.000000
0.000000
0.000000
0.000000
0.000000
0.000000
0.000661
0.001093
0.000000
0.000000
0.000000
0.000000
0.000000
0.000000
0.000000
0.000000
0.000000
0.000709
0.000000
0.000000
0.001722
0.000420
0.000809
0.000583
0.000000
0.000000
0.000000
0.000000
0.000000
0.001310
0.000000
0.000000
0.000000
0.001030
0.000473
0.000000
0.002334
0.000000
0.000000
0.000000
0.000592
0.000000
0.000553
0.000000
0.000000
0.000807
0.001170
0.000421
0.001343
0.000000
0.000000
0.000000
0.000000
0.001158
0.000822
0.000000
0.000000
0.000000
0.000000
0.000000
0.000000
0.000000
0.000000
0.000434
0.000000
0.000000
0.001196
0.000833
0.000000
0.000000
0.000000
0.000413
0.000000
0.000000
0.000000
0.000000
0.000000
0.000000
0.000635
0.000000
0.000000
0.000000
0.000564
0.000536
0.001734
0.000000
0.000000
0.002427
0.000000
0.000000
0.000000
0.000000
0.000000
0.002018
0.001074
0.000398
0.000000
0.000000
0.000000
0.000000
0.000000
0.000000
0.000790
0.000000
0.000000
0.000000
0.000850
0.001935
0.000375
0.000000
0.001089
0.001148
0.000648
0.000632
0.000000
0.000000
0.000000
0.000000
0.001038
0.000396
0.000000
0.000000
0.000000
0.000000
0.000598
0.000497
0.000857
0.000000
0.000000
0.000000
0.000000
0.000000
0.000479
0.000000
0.000944
0.000000
0.000000
0.000000
0.003509
0.000000
0.000474
0.000000
0.000000
0.000000
0.000939
0.000000
0.000000
0.000000
0.000000
0.000000
0.000000
0.000000
0.000000
0.000000
0.001038
0.000000
0.000912
0.000000
0.000000
0.000000
0.001873
0.000809
0.000000
0.000898
0.000000
0.000000
0.000000
0.000000
0.001212
0.000000
0.000000
0.000000
0.000000
0.000406
0.000000
0.000000
0.000000
0.000000
0.000000
0.000000
0.000000
0.001118
0.000000
0.000000
0.000000
0.000000
0.000503
0.000000
0.000000
0.000000
0.000457
0.000000
0.000518
0.000000
0.000000
0.000757
0.000000
0.000823
0.000490
0.001199
0.000785
0.000604
0.001423
0.000000
0.000000
0.000000
0.000000
0.000000
0.000000
0.000000
0.000000
0.000390
0.000000
0.000000
0.000000
0.001737
0.000000
0.000000
0.000000
0.000000
0.000747
0.000000
0.001614
0.000000
0.000000
0.000000
0.000792
0.000000
0.000000
0.000000
0.000000
0.000000
0.000000
0.000529
0.000000
0.000000
0.000000
0.000000
0.000000
0.000000
0.000000
0.000000
0.000000
0.000000
0.000000
0.000744
0.000000
0.000816
0.000000
0.000000
0.000000
0.000000
0.000706
0.000000
0.000000
0.056462
0.000000
0.001321
0.000972
0.000000
0.000000
0.000000
0.000000
0.000000
0.000929
0.000000
0.000000
0.000713
0.000000
0.001441
0.000000
0.000963
0.000000
0.000000
0.000000
0.000000
0.000000
0.000000
0.000000
0.000000
0.000000
0.000000
0.000000
0.000000
0.000536
0.000000
0.000000
0.000701
0.000000
0.000000
0.000000
0.000000
0.000000
0.000000
0.000000
0.000000
0.000395
0.000000
0.000000
0.000000
0.000000
0.000851
0.000000
0.000000
0.000000
0.000000
0.000000
0.000000
0.000000
0.000000
0.000000
0.000000
0.000000
0.000000
0.000000
0.000000
0.000000
0.000000
0.000473
0.000438
0.000000
0.000000
0.000000
0.000601
0.000602
0.001333
0.000000
0.000000
0.001045
0.000000
0.000740
0.000991
0.000000
0.001088
0.000000
0.000000
0.000000
0.000000
0.000000
0.000853
0.000000
0.000000
0.000000
0.000000
0.000380
0.000000
0.000000
0.000412
0.000881
0.000000
0.000000
0.000000
0.000000
0.000000
0.000611
0.001256
0.000481
0.000937
0.000000
0.000965
0.000000
0.000000
0.001661
0.000000
0.000000
0.001779
0.000000
0.000823
0.000000
0.000000
0.000000
0.000000
0.000000
0.000500
0.001245
0.000000
0.000000
0.000000
0.000666
0.000000
0.001376
0.000000
0.001122
0.000000
0.000000
0.000000
0.000000
0.000000
0.000000
0.000000
0.000000
0.000000
0.000695
0.000000
0.000000
0.000469
0.000000
0.000000
0.000000
0.000000
0.000000
0.000000
0.000887
0.000000
0.001273
0.000000
0.000000
0.000000
0.000773
0.000526
0.000000
0.000000
0.000814
0.000412
0.001128
0.000000
0.001601
0.000000
0.000000
0.000000
0.000000
0.000000
0.000000
0.000775
0.000000
0.000000
0.000000
0.000000
0.000454
0.001114
0.000000
0.000000
0.000000
0.000000
0.000000
0.000508
0.000895
0.001125
0.000000
0.000000
0.000000
0.000000
0.001111
0.000513
0.001694
0.000000
0.001248
0.000000
0.000000
0.000000
0.000000
0.000000
0.000972
0.000380
0.000458
0.001289
0.000000
0.000000
0.000000
0.000000
0.000000
0.000000
0.000860
0.000000
0.000522
0.000489
0.000000
0.000000
0.000451
0.000000
0.001171
0.003628
0.000976
0.000000
0.000000
0.000000
0.000000
0.000555
0.000554
0.000000
0.000000
0.000905
0.000443
0.000000
0.000000
0.000568
0.000000
0.000000
0.000000
0.000000
0.000000
0.000000
0.000000
0.000000
0.000000
0.000000
0.000715
0.000000
0.000000
0.000000
0.000000
0.000000
0.000000
0.000000
0.000000
0.001147
0.000732
0.000491
0.000506
0.000000
0.000000
0.000000
0.001256
0.001071
0.000000
0.000000
0.000000
0.000000
0.000000
0.000405
0.000000
0.000000
0.000529
0.000000
0.000000
0.000000
0.001060
0.000000
0.000455
0.001219
0.001316
0.000000
0.000504
0.000000
0.000000
0.000000
0.000000
0.000000
0.000000
0.000000
0.000505
0.000000
0.000000
0.000000
0.000000
0.000000
0.000000
0.000000
0.000000
0.000000
0.000852
0.000690
0.000000
0.001952
0.000900
0.000589
0.000000
0.001086
0.000000
0.000000
0.001485
0.000000
0.001476
0.000000
0.000839
0.000000
0.001427
0.000000
0.000000
0.000661
0.000000
0.000000
0.000000
0.001290
0.000415
0.000000
0.000000
0.000000
0.000000
0.000392
0.000000
0.000000
0.000000
0.000702
0.000000
0.000000
0.000000
0.001093
0.000437
0.001469
0.000000
0.000000
0.000000
0.000703
0.000000
0.000470
0.000483
0.000000
0.000000
0.001808
0.000000
0.000000
0.000000
0.000000
0.000000
0.000403
0.000000
0.000000
0.000000
0.000000
0.000000
0.000000
0.000000
0.000000
0.000000
0.000000
0.000000
0.000000
0.000000
0.000000
0.000000
0.000000
0.000000
0.000000
0.000786
0.000000
0.000659
0.000000
0.000000
0.000000
0.000000
0.000000
0.001074
0.000000
0.000000
0.000393
0.000000
0.001240
0.000000
0.000000
0.000000
0.000000
0.000000
0.000000
0.000000
0.000525
0.000000
0.000000
0.000000
0.000000
0.000000
0.000000
0.000000
0.000000
0.000000
0.000000
0.000000
0.000814
0.000000
0.000000
0.000789
0.000000
0.001868
0.001170
0.000000
0.000000
0.001490
0.000539
0.000442
0.000000
0.000000
0.000428
0.000663
0.000000
0.000000
0.000000
0.000821
0.000678
0.001348
0.000000
0.000000
0.000000
0.000000
0.000458
0.000000
0.000000
0.000000
0.000000
0.000753
0.000000
0.000390
0.000000
0.000000
0.000578
0.000000
0.000000
0.000000
0.000799
0.000825
0.000000
0.001014
0.000000
0.000000
0.000000
0.000000
0.000000
0.000510
0.000984
0.000000
0.000000
0.001214
0.000000
0.000000
0.000000
0.000000
0.000000
0.000494
0.000403
0.000000
0.000000
0.001127
0.000631
0.000000
0.000506
0.000000
0.000687
0.000679
0.000000
0.000492
0.000525
0.000000
0.000000
0.000000
0.001194
0.000000
0.000801
0.000000
0.000000
0.000701
0.000653
0.000000
0.001462
0.000000
0.000000
0.000000
0.000000
0.000000
0.000833
0.000925
0.000000
0.001301
0.000000
0.000751
0.000000
0.000000
0.000000
0.000910
0.000000
0.000743
0.000555
0.000000
0.000000
0.000000
0.000000
0.000000
0.000000
0.000490
0.000564
0.000000
0.000000
0.000000
0.000856
0.001135
0.001111
0.000000
0.000591
0.000000
0.000399
0.000000
0.000000
0.000000
0.000000
0.000000
0.001328
0.000000
0.000403
0.000000
0.000000
0.000000
0.000000
0.000000
0.000000
0.000000
0.000000
0.000000
0.001456
0.000000
0.001024
0.000384
0.000000
0.000000
0.001102
0.001010
0.000000
0.000000
0.000752
0.000000
0.000000
0.000000
0.000403
0.000000
0.001091
0.000000
0.000790
0.000000
0.000000
0.000000
0.000000
0.001087
0.000000
0.001109
0.000000
0.000000
0.000000
0.001212
0.000000
0.000836
0.000000
0.000772
0.000646
0.000000
0.000000
0.000000
0.000513
0.000000
0.000000
0.000000
0.000000
0.000625
0.000000
0.000000
0.000000
0.000000
0.000000
0.000000
0.000000
0.000000
0.000000
0.000000
0.000000
0.000675
0.000853
0.000000
0.000000
0.000000
0.000000
0.000000
0.000000
0.000000
0.000000
0.000000
0.000000
0.000614
0.000000
0.000000
0.002089
0.000000
0.001081
0.000000
0.000807
0.000000
0.000000
0.000000
0.000000
0.000000
0.000000
0.000000
0.000451
0.000000
0.000000
0.000389
0.000000
0.000000
0.000750
0.000000
0.000000
0.001415
0.000000
0.000000
0.000000
0.000000
0.000000
0.000000
0.000000
0.000000
0.000000
0.000000
0.000000
0.000531
0.000000
0.000582
0.000000
0.000000
0.000000
0.000000
0.000000
0.000000
0.000000
0.001194
0.000577
0.000000
0.000815
0.000835
0.000000
0.000000
0.000000
0.000000
0.000000
0.000000
0.000000
0.000000
0.000000
0.000000
0.000000
0.000000
0.000767
0.000372
0.000000
0.000000
0.000000
0.000000
0.000000
0.000000
0.000000
0.000000
0.000000
0.000000
0.000000
0.000000
0.000000
0.000000
0.000000
0.000000
0.000000
0.000000
0.001536
0.000000
0.000793
0.000000
0.000728
0.000879
0.000759
0.000462
0.000568
0.000000
0.000380
0.000000
0.000000
0.000000
0.000000
0.000000
0.000949
0.000000
0.000000
0.000000
0.000000
0.000000
0.000818
0.000000
0.001112
0.000000
0.000000
0.000000
0.000000
0.000000
0.000655
0.000000
0.000000
0.000687
0.000584
0.000000
0.000000
0.000000
0.000000
0.000000
0.000000
0.000000
0.000000
0.000428
0.000000
0.000569
0.000000
0.000000
0.000000
0.000531
0.001147
0.001126
0.000000
0.000000
0.000000
0.000000
0.000000
0.000000
0.000000
0.000757
0.000000
0.000000
0.000000
0.000000
0.000000
0.000665
0.001218
0.000000
0.000000
0.000000
0.000000
0.000000
0.000000
0.000000
0.000000
0.000000
0.000000
0.000000
0.000000
0.000567
0.000000
0.000000
0.000000
0.000000
0.000000
0.000000
0.000000
0.000000
0.001432
0.001486
0.000000
0.000000
0.000768
0.000000
0.000000
0.000000
0.000000
0.000489
0.000000
0.001147
0.000000
0.000000
0.001429
0.000000
0.000376
0.000000
0.000000
0.000447
0.000375
0.000427
0.000632
0.000000
0.000000
0.000000
0.000000
0.000813
0.000000
0.000000
0.000000
0.000000
0.000000
0.000905
0.000000
0.000554
0.000000
0.000000
0.000000
0.000000
0.000000
0.000000
0.000000
0.000000
0.000000
0.000000
0.000000
0.000000
0.000000
0.000000
0.000000
0.000461
0.000000
0.000410
0.000580
0.000000
0.000000
0.000531
0.000000
0.000000
0.000000
0.000000
0.002023
0.000000
0.000000
0.000000
0.000488
0.000000
0.000939
0.000000
0.000647
0.000000
0.000000
0.000000
0.000000
0.000000
0.000000
0.000000
0.000000
0.000000
0.000473
0.000000
0.000000
0.000977
0.000000
0.000472
0.000811
0.000568
0.000000
0.000000
0.000000
0.000000
0.000000
0.000752
0.000691
0.000000
0.000646
0.000000
0.000000
0.000000
0.000000
0.000000
0.000000
0.000000
0.000000
0.000000
0.000000
0.000000
0.000000
0.000000
0.000000
0.000000
0.000754
0.000000
0.000000
0.000000
0.000428
0.000000
0.000824
0.000000
0.000000
0.000000
0.000000
0.000000
0.000000
0.000936
0.001879
0.000539
0.000000
0.000000
0.000000
0.000000
0.000000
0.000000
0.000000
0.000000
0.000642
0.000000
0.000000
0.000000
0.000000
0.000000
0.000000
0.000813
0.000000
0.000000
0.000000
0.000000
0.000000
0.000733
0.000000
0.000000
0.000741
0.000000
0.000000
0.000000
0.000000
0.000000
0.000000
0.000524
0.000523
0.000000
0.000000
0.000000
0.000000
0.000476
0.000000
0.000000
0.000000
0.000000
0.000000
0.000739
0.000000
0.000000
0.000661
0.000000
0.000000
0.000000
0.000000
0.000000
0.001038
0.000000
0.000730
0.000560
0.000000
0.000000
0.000000
0.000536
0.000000
0.000000
0.000000
0.000000
0.000000
0.000786
0.000000
0.000781
0.000000
0.000000
0.000663
0.000722
0.000000
0.000000
0.000000
0.000000
0.000000
0.000000
0.001621
0.000596
0.000000
0.000751
0.000000
0.000000
0.000000
0.000736
0.000000
0.001217
0.000537
0.000635
0.000000
0.000484
0.000000
0.000000
0.000000
0.000000
0.000000
0.000000
0.000000
0.001071
0.000000
0.000622
0.000000
0.000000
0.000000
0.000000
0.000000
0.000000
0.000422
0.000000
0.000000
0.000000
0.000373
0.000000
0.001045
0.000000
0.000532
0.000687
0.000658
0.000851
0.000000
0.000000
0.001128
0.000000
0.000419
0.000000
0.000000
0.000000
0.000000
0.000000
0.000000
0.000000
0.002007
0.000000
0.000624
0.000000
0.000000
0.000000
0.000000
0.001186
0.000000
0.000000
0.000000
0.000000
0.000761
0.000000
0.000000
0.000936
0.000000
0.000000
0.000000
0.000982
0.000776
0.000000
0.000000
0.000000
0.000000
0.000000
0.000726
0.000000
0.000581
0.000000
0.000947
0.000000
0.001236
0.000000
0.000000
0.000000
0.000000
0.000578
0.000000
0.000862
0.000416
0.000000
0.000624
0.000000
0.000000
0.000000
0.000000
0.000000
0.000000
0.000000
0.000000
0.000000
0.000000
0.000441
0.000000
0.000000
0.000000
0.001007
0.000454
0.000716
0.000000
0.000000
0.000000
0.000000
0.000000
0.000000
0.000000
0.000000
0.000000
0.000000
0.000000
0.000000
0.000000
0.000000
0.000000
0.000000
0.000000
0.000000
0.000000
0.000000
0.000000
0.000799
0.000000
0.000000
0.000000
0.000000
0.000000
0.000000
0.000000
0.000000
0.000830
0.000000
0.000000
0.000000
0.000556
0.000849
0.001082
0.000451
0.000000
0.000000
0.000000
0.000000
0.000000
0.000000
0.000402
0.000000
0.000659
0.000000
0.000000
0.000000
0.000635
0.000000
0.000000
0.000000
0.000000
0.000000
0.000000
0.001766
0.000000
0.000488
0.000000
0.000000
0.000877
0.000477
0.000000
0.000000
0.000000
0.000000
0.000925
0.001113
0.000444
0.000000
0.000000
0.000000
0.000000
0.000000
0.000000
0.000990
0.000000
0.000666
0.000000
0.000000
0.000000
0.000000
0.000759
0.000000
0.000485
0.000000
0.000000
0.000000
0.000000
0.000000
0.000601
0.000000
0.000805
0.000000
0.000000
0.000434
0.000000
0.000000
0.000000
0.000000
0.000000
0.000000
0.000409
0.000403
0.000000
0.000766
0.000000
0.000621
0.000000
0.000000
0.000781
0.000607
0.001191
0.000461
0.000000
0.000000
0.000000
0.000000
0.000000
0.000448
0.000000
0.000000
0.000000
0.000000
0.002100
0.000000
0.000000
0.000000
0.000000
0.000000
0.000000
0.000000
0.001773
0.000000
0.000000
0.000000
0.000000
0.000000
0.000000
0.000000
0.000000
0.000000
0.000000
0.000000
0.000000
0.000952
0.001459
0.000553
0.000415
0.000000
0.000690
0.000000
0.000572
0.000000
0.000000
0.000000
0.000000
0.000000
0.000000
0.000000
0.000000
0.000000
0.000404
0.000000
0.000451
0.000841
0.000000
0.000513
0.000000
0.000000
0.000000
0.000000
0.000000
0.000904
0.001353
0.000000
0.000000
0.000000
0.000000
0.000000
0.000000
0.000000
0.000000
0.000000
0.000948
0.000000
0.000000
0.000000
0.000948
0.000376
0.000000
0.001073
0.000000
0.000000
0.000000
0.000000
0.000000
0.000000
0.000000
0.000000
0.000000
0.000000
0.000000
0.000000
0.000000
0.000000
0.001266
0.000000
0.000000
0.000000
0.000000
0.000597
0.001017
0.000000
0.000474
0.000000
0.001208
0.000000
0.000000
0.000617
0.000000
0.000000
0.000000
0.000000
0.000000
0.000000
0.000000
0.000498
0.000000
0.000000
0.000000
0.000000
0.000000
0.001176
0.000000
0.000000
0.000000
0.000830
0.000000
0.000000
0.000000
0.000000
0.000000
0.000000
0.000000
0.000902
0.000000
0.000000
0.000000
0.000000
0.000000
0.000000
0.000000
0.000000
0.001442
0.000000
0.000000
0.000000
0.000000
0.000467
0.000000
0.000000
0.000000
0.000000
0.000000
0.000000
0.000000
0.000000
0.000000
0.000931
0.000517
0.000000
0.000955
0.000592
0.000000
0.000000
0.000639
0.002647
0.000000
0.000597
0.001216
0.000000
0.000000
0.000000
0.000000
0.000000
0.000000
0.000576
0.000000
0.000000
0.000000
0.000000
0.000000
0.000000
0.000000
0.000000
0.000000
0.000000
0.000484
0.001256
0.000960
0.000000
0.001198
0.000000
0.000000
0.000000
0.000437
0.000000
0.000000
0.000000
0.000767
0.000000
0.000000
0.000000
0.000000
0.000000
0.000000
0.000000
0.000000
0.000000
0.000000
0.000000
0.001133
0.000000
0.000000
0.000852
0.000000
0.000000
0.000000
0.000854
0.000561
0.000000
0.000000
0.000000
0.001315
0.000000
0.000000
0.000000
0.000000
0.000959
0.000000
0.000000
0.000607
0.000000
0.000000
0.000000
0.000599
0.000000
0.000578
0.000000
0.000000
0.000000
0.000000
0.000000
0.000000
0.000000
0.000000
0.000000
0.000000
0.000000
0.000000
0.000472
0.000000
0.000000
0.000000
0.000000
0.000000
0.001567
0.000000
0.000000
0.000491
0.000000
0.000000
0.000000
0.001439
0.000000
0.000000
0.001232
0.000000
0.000000
0.000696
0.000547
0.000000
0.000000
0.000000
0.000000
0.000922
0.000961
0.000000
0.000000
0.000000
0.000000
0.000000
0.000000
0.000000
0.000395
0.000000
0.000000
0.000770
0.000000
0.000000
0.000000
0.000000
0.000000
0.000000
0.000000
0.001096
0.000000
0.000410
0.000000
0.001159
0.000000
0.000000
0.000000
0.001715
0.001466
0.000637
0.000000
0.000000
0.001486
0.000000
0.000413
0.001420
0.000620
0.000000
0.000000
0.000000
0.000000
0.000000
0.000000
0.000672
0.000000
0.000000
0.000000
0.000000
0.000000
0.001211
0.000000
0.001417
0.000634
0.000000
0.000000
0.000943
0.000000
0.000411
0.000000
0.000000
0.000000
0.000000
0.000000
0.000000
0.000000
0.000000
0.000000
0.000000
0.000000
0.000000
0.000000
0.000000
0.002474
0.000000
0.000000
0.000000
0.000671
0.000000
0.000000
0.001276
0.000000
0.000000
0.000461
0.000000
0.000498
0.000605
0.001140
0.000000
0.000000
0.001004
0.000000
0.000000
0.000000
0.000000
0.000000
0.000000
0.000000
0.000000
0.000505
0.000000
0.000000
0.000000
0.000000
0.000000
0.000392
0.000386
0.001232
0.000000
0.000000
0.000897
0.000000
0.000000
0.001281
0.000638
0.000000
0.000000
0.000000
0.000000
0.000000
0.000000
0.000459
0.000000
0.001594
0.000000
0.000000
0.000000
0.000000
0.000000
0.000000
0.000615
0.000000
0.000000
0.000000
0.000000
0.000659
0.000634
0.000000
0.000000
0.000000
0.000406
0.001105
0.001451
0.000000
0.000723
0.000000
0.000000
0.001298
0.000000
0.000000
0.000000
0.000000
0.000621
0.000000
0.000000
0.000000
0.000446
0.000000
0.000000
0.000806
0.000566
0.000000
0.000000
0.000000
0.000000
0.000785
0.000000
0.000000
0.000000
0.000638
0.000709
0.001135
0.000000
0.000000
0.000000
0.001015
0.001372
0.000000
0.000000
0.000000
0.000000
0.000000
0.000473
0.000000
0.000607
0.000425
0.000385
0.000000
0.000764
0.000000
0.001627
0.000000
0.000000
0.000000
0.000000
0.000000
0.000000
0.000000
0.000000
0.000825
0.000000
0.000000
0.000000
0.000000
0.000000
0.000000
0.000000
0.001427
0.000000
0.000000
0.000000
0.000000
0.000000
0.000000
0.000519
0.000728
0.000000
0.000821
0.000000
0.000000
0.000000
0.000000
0.000878
0.000000
0.000000
0.000000
0.000000
0.000000
0.000000
0.000000
0.000000
0.000000
0.000000
0.000000
0.000576
0.000000
0.000000
0.000000
0.000000
0.000000
0.000000
0.000000
0.000000
0.000615
0.000000
0.000000
0.000380
0.000000
0.000000
0.000000
0.000000
0.000480
0.000816
0.000000
0.000000
0.000000
0.000384
0.000958
0.000000
0.000000
0.000000
0.000000
0.000685
0.000000
0.000000
0.000000
0.000409
0.000000
0.000000
0.000000
0.000611
0.000000
0.000000
0.000000
0.000000
0.000000
0.000000
0.000000
0.000731
0.000000
0.000000
0.000555
0.000000
0.000000
0.000000
0.000000
0.001686
0.000000
0.000000
0.000000
0.000875
0.000000
0.000000
0.000999
0.000000
0.000000
0.000000
0.000000
0.000000
0.000000
0.000671
0.000712
0.000853
0.000000
0.000000
0.000000
0.000846
0.000000
0.000000
0.000000
0.000000
0.000573
0.000000
0.000000
0.000000
0.000000
0.000000
0.000000
0.001093
0.000000
0.000000
0.000000
0.000465
0.000000
0.001759
0.000000
0.000000
0.000000
0.000000
0.000000
0.000000
0.000000
0.000000
0.000947
0.000000
0.000000
0.000000
0.000000
0.000000
0.000000
0.000000
0.000000
0.000488
0.001193
0.000000
0.000000
0.000000
0.000000
0.000773
0.000000
0.001047
0.000628
0.000000
0.000674
0.000000
0.000384
0.000000
0.000000
0.000000
0.000000
0.000527
0.000000
0.000000
0.000000
0.000000
0.000000
0.000000
0.000000
0.000000
0.000511
0.000000
0.000499
0.000882
0.000423
0.000000
0.000000
0.000778
0.001022
0.000766
0.000000
0.000000
0.000000
0.000419
0.000000
0.000888
0.000628
0.000000
0.000000
0.000000
0.000000
0.000000
0.000494
0.000777
0.000000
0.001015
0.000000
0.000000
0.000000
0.000000
0.000000
0.000000
0.000000
0.000912
0.000000
0.001540
0.000000
0.000478
0.000000
0.000549
0.000000
0.000000
0.000691
0.001133
0.000000
0.000544
0.000000
0.000000
0.000000
0.000000
0.000452
0.000000
0.001148
0.000637
0.000866
0.000589
0.000000
0.001018
0.000574
0.000520
0.000000
0.000000
0.001357
0.000900
0.000000
0.000000
0.000000
0.000937
0.000450
0.000000
0.000397
0.000000
0.000000
0.000000
0.000000
0.000680
0.001588
0.000000
0.000000
0.000608
0.000000
0.000000
0.000000
0.000000
0.000000
0.000000
0.000840
0.000000
0.000000
0.001226
0.000000
0.000000
0.000000
0.000000
0.000000
0.000525
0.000000
0.000000
0.000990
0.000000
0.000000
0.000000
0.000000
0.001345
0.000000
0.000000
0.000000
0.000000
0.000000
0.000000
0.000906
0.000000
0.000000
0.001017
0.001108
0.000000
0.000477
0.000000
0.001220
0.000000
0.000000
0.000499
0.000901
0.000000
0.000000
0.000000
0.000000
0.000000
0.000878
0.000000
0.000000
0.000000
0.000000
0.000000
0.000000
0.000000
0.001683
0.000000
0.000000
0.000000
0.000000
0.000000
0.000000
0.000000
0.000000
0.000000
0.000000
0.000000
0.000000
0.000000
0.000000
0.000000
0.000000
0.001370
0.000628
0.000000
0.000000
0.000000
0.000000
0.000000
0.000000
0.000000
0.000000
0.000000
0.001065
0.001543
0.000537
0.001748
0.000000
0.000976
0.000000
0.000000
0.000000
0.000000
0.000000
0.000000
0.001278
0.000000
0.000000
0.000000
0.000000
0.000472
0.000000
0.000000
0.000574
0.000000
0.000000
0.000000
0.001019
0.000476
0.000969
0.000000
0.000000
0.000677
0.000697
0.000542
0.000000
0.001159
0.000000
0.000000
0.000000
0.001366
0.000000
0.000000
0.000000
0.000000
0.000000
0.001083
0.000000
0.000000
0.000000
0.000000
0.000000
0.000000
0.000440
0.000499
0.000000
0.001009
0.000000
0.000000
0.000000
0.000000
0.000917
0.000000
0.000000
0.000000
0.000000
0.000000
0.000000
0.000000
0.000000
0.000000
0.000730
0.001030
0.000000
0.000000
0.000860
0.000000
0.000000
0.000868
0.000000
0.000000
0.000000
0.000000
0.000616
0.000000
0.000000
0.000000
0.000000
0.000000
0.001399
0.001289
0.000000
0.000574
0.000000
0.002115
0.000000
0.000000
0.000000
0.000000
0.000000
0.000000
0.000000
0.000000
0.000683
0.000000
0.000716
0.000000
0.000000
0.000912
0.000811
0.000000
0.000000
0.000000
0.000000
0.000000
0.000000
0.000000
0.000000
0.000000
0.001855
0.000000
0.000000
0.000000
0.000000
0.000000
0.000000
0.000000
0.000000
0.000927
0.000510
0.000000
0.000000
0.000000
0.000000
0.000903
0.001036
0.000000
0.000000
0.000000
0.001524
0.000596
0.000000
0.000483
0.000000
0.000000
0.000000
0.000000
0.000488
0.000000
0.000000
0.000000
0.000000
0.000527
0.000000
0.001207
0.000000
0.000000
0.000998
0.000000
0.000493
0.000000
0.000000
0.000000
0.000000
0.000383
0.000000
0.000000
0.000566
0.000667
0.000000
0.000867
0.000408
0.000000
0.000567
0.000000
0.000000
0.000000
0.000000
0.000000
0.000000
0.000000
0.000000
0.000000
0.000000
0.000455
0.000000
0.000000
0.000000
0.000000
0.000000
0.000694
0.000000
0.000000
0.000674
0.000000
0.001261
0.001039
0.000000
0.000000
0.000000
0.000000
0.000453
0.000543
0.000000
0.000000
0.000000
0.000720
0.000794
0.000000
0.000000
0.000000
0.000784
0.000000
0.000000
0.000000
0.000694
0.000000
0.000000
0.001416
0.000849
0.000000
0.000000
0.000000
0.000378
0.000000
0.000000
0.000000
0.000437
0.001039
0.000772
0.000000
0.000000
0.001159
0.000000
0.000000
0.000474
0.000000
0.000000
0.000000
0.000413
0.000000
0.000000
0.000000
0.000000
0.000000
0.000697
0.000000
0.000473
0.000000
0.000653
0.001227
0.000000
0.001154
0.000000
0.000580
0.001041
0.000000
0.000000
0.000000
0.000000
0.000000
0.000000
0.000000
0.000000
0.000000
0.000000
0.000417
0.000428
0.000493
0.000000
0.000642
0.000892
0.000000
0.000000
0.000000
0.000000
0.000000
0.000000
0.000000
0.000000
0.000000
0.000000
0.000000
0.000605
0.000000
0.000425
0.000000
0.000000
0.000000
0.000000
0.000000
0.000000
0.000000
0.000000
0.000736
0.000000
0.001671
0.000000
0.000783
0.000000
0.000499
0.000000
0.000000
0.000793
0.000000
0.000929
0.000000
0.000000
0.000000
0.000000
0.000000
0.000000
0.001142
0.000807
0.001030
0.000000
0.000000
0.000393
0.000000
0.000000
0.000000
0.000000
0.000000
0.000000
0.000000
0.000000
0.000924
0.000868
0.000000
0.000000
0.000000
0.000000
0.000711
0.000000
0.000000
0.000000
0.000830
0.000000
0.000000
0.000000
0.000000
0.001579
0.000483
0.000000
0.000771
0.000000
0.000000
0.000708
0.000000
0.000000
0.000000
0.000000
0.000000
0.000000
0.000000
0.001310
0.000724
0.000715
0.000000
0.000000
0.000465
0.000917
0.000596
0.000756
0.000000
0.000000
0.000000
0.000000
0.000509
0.000000
0.000620
0.000804
0.000000
0.000000
0.000554
0.000000
0.000000
0.000000
0.000000
0.000000
0.000000
0.000659
0.000000
0.000000
0.000000
0.000881
0.000000
0.001533
0.000000
0.000000
0.000000
0.000800
0.001073
0.000000
0.000000
0.001672
0.000000
0.001339
0.000000
0.000000
0.000000
0.000000
0.000000
0.000000
0.000000
0.000402
0.000406
0.000000
0.000000
0.000392
0.000000
0.000000
0.001809
0.000000
0.000000
0.000000
0.000000
0.000670
0.000000
0.000000
0.000000
0.000400
0.000765
0.000000
0.000000
0.000000
0.000000
0.000000
0.000000
0.000000
0.000000
0.000000
0.000000
0.000471
0.000000
0.000556
0.000000
0.000000
0.000000
0.000000
0.000000
0.000000
0.000447
0.000000
0.000000
0.001611
0.000000
0.000689
0.000000
0.000000
0.000000
0.000000
0.000789
0.000000
0.000000
0.000425
0.000481
0.000000
0.000000
0.000640
0.001058
0.000000
0.000000
0.000000
0.000000
0.000000
0.000000
0.000000
0.000000
0.000473
0.000000
0.000000
0.000000
0.001578
0.000000
0.000000
0.000000
0.000397
0.000000
0.000656
0.000000
0.000561
0.000706
0.000000
0.000000
0.000000
0.000937
0.000000
0.000000
0.000402
0.000000
0.001014
0.001318
0.000000
0.000000
0.000515
0.000504
0.000000
0.001023
0.000449
0.000000
0.000000
0.000000
0.000459
0.000000
0.000000
0.000000
0.000000
0.000000
0.000000
0.000000
0.000000
0.000000
0.000000
0.000543
0.001572
0.000000
0.000000
0.000775
0.000000
0.000000
0.000000
0.000000
0.001778
0.000000
0.000000
0.000000
0.000000
0.000000
0.000831
0.000464
0.000797
0.000000
0.000548
0.000000
0.000000
0.000970
0.000000
0.000000
0.000000
0.000568
0.000800
0.000000
0.000000
0.000000
0.000000
0.000000
0.000690
0.000000
0.000000
0.000000
0.000000
0.000000
0.000377
0.001172
0.000000
0.000487
0.000000
0.000000
0.000000
0.000000
0.000725
0.000000
0.000000
0.000000
0.000000
0.000000
0.000660
0.000000
0.000000
0.000000
0.000856
0.000000
0.000000
0.000000
0.000000
0.000000
0.000000
0.000000
0.000000
0.000000
0.000000
0.000804
0.000000
0.000000
0.000000
0.000000
0.000000
0.000979
0.000390
0.000000
0.000000
0.000503
0.000402
0.000000
0.000000
0.000590
0.000651
0.000000
0.000000
0.000550
0.000000
0.001165
0.000000
0.000000
0.000000
0.000000
0.000000
0.000000
0.000869
0.000000
0.000000
0.000000
0.000000
0.000000
0.000901
0.000451
0.000000
0.000979
0.000425
0.000645
0.001165
0.001360
0.000000
0.000657
0.000000
0.000000
0.000000
0.000000
0.000000
0.000000
0.000000
0.000548
0.000000
0.000632
0.000000
0.000000
0.000000
0.001292
0.000000
0.000000
0.000418
0.000000
0.000000
0.000627
0.000000
0.000000
0.000000
0.000000
0.000000
0.000000
0.000000
0.000000
0.000000
0.000000
0.000000
0.000000
0.000000
0.000928
0.000000
0.000000
0.000000
0.000000
0.000000
0.000000
0.000000
0.000000
0.000576
0.000000
0.000000
0.000000
0.000574
0.000000
0.000000
0.000000
0.000375
0.000813
0.000000
0.000000
0.000000
0.001850
0.000000
0.000000
0.000000
0.000000
0.000000
0.000000
0.000000
0.000000
0.000000
0.000000
0.000000
0.000530
0.000000
0.000523
0.000000
0.000382
0.000000
0.000000
0.001060
0.000000
0.000000
0.000000
0.002151
0.000000
0.000800
0.000000
0.000790
0.000537
0.000000
0.000000
0.000000
0.000000
0.000000
0.000000
0.000000
0.000000
0.000606
0.000000
0.000000
0.001295
0.000000
0.000572
0.000000
0.000000
0.000000
0.000000
0.000754
0.000000
0.000000
0.000000
0.000000
0.000537
0.000000
0.000000
0.000000
0.000000
0.000000
0.000000
0.001311
0.000830
0.001043
0.000791
0.000000
0.000000
0.000000
0.000000
0.000000
0.000000
0.001107
0.000686
0.000507
0.000000
0.000000
0.000483
0.000000
0.000653
0.000000
0.000655
0.001054
0.000000
0.000000
0.001779
0.000000
0.000492
0.000850
0.000595
0.000535
0.000000
0.001031
0.000000
0.001062
0.000000
0.000414
0.000000
0.000000
0.000530
0.000000
0.000000
0.000482
0.000000
0.001294
0.000000
0.000000
0.000000
0.000000
0.000923
0.000000
0.000000
0.000000
0.000000
0.000669
0.000000
0.000000
0.000000
0.000000
0.000401
0.000000
0.000480
0.000000
0.000722
0.000000
0.000000
0.000000
0.000394
0.000000
0.000947
0.000000
0.001156
0.000000
0.000000
0.000000
0.000000
0.000000
0.001284
0.000000
0.000438
0.000000
0.000000
0.000447
0.000000
0.000000
0.000000
0.000000
0.000000
0.000703
0.000000
0.000000
0.000408
0.000000
0.000000
0.000813
0.000000
0.000000
0.000000
0.000000
0.000000
0.000000
0.000538
0.000000
0.000000
0.000000
0.000000
0.000622
0.000480
0.000000
0.000000
0.000000
0.000000
0.000973
0.000000
0.000000
0.000000
0.000000
0.000000
0.000855
0.000000
0.000000
0.000000
0.000000
0.000000
0.000000
0.000000
0.000000
0.000000
0.000000
0.000000
0.000000
0.000000
0.000481
0.000000
0.000000
0.001730
0.000000
0.000000
0.000000
0.000615
0.000000
0.000430
0.001519
0.000000
0.000000
0.000000
0.000000
0.000000
0.000000
0.000000
0.000657
0.000000
0.000000
0.000000
0.000000
0.000555
0.000991
0.000677
0.000372
0.001063
0.000000
0.000000
0.000000
0.000000
0.000000
0.000000
0.000838
0.000000
0.000840
0.000000
0.000000
0.000431
0.000449
0.000710
0.000000
0.000000
0.000000
0.000000
0.000000
0.000570
0.000000
0.000451
0.000646
0.001084
0.001141
0.000000
0.000411
0.000000
0.001598
0.000000
0.000000
0.000557
0.000000
0.000000
0.000000
0.000811
0.000000
0.000000
0.000000
0.000000
0.000000
0.000572
0.000000
0.000000
0.000000
0.000000
0.000493
0.000000
0.001057
0.000633
0.000000
0.000000
0.000000
0.000000
0.000000
0.000000
0.000997
0.000000
0.000430
0.000919
0.000000
0.000431
0.000000
0.000000
0.001323
