0.001108
0.000000
0.000000
0.000000
0.000000
0.000000
0.000000
0.001430
0.000000
0.000000
0.000000
0.000000
0.000000
0.000000
0.000000
0.000000
0.001013
0.000000
0.000000
0.000000
0.000000
0.002490
0.000000
0.000000
0.002771
0.000000
0.000000
0.000000
0.000000
0.000000
0.001212
0.003197
0.000000
0.000000
0.000000
0.000000
0.000000
0.000000
0.000000
0.000000
0.000000
0.000000
0.000000
0.000000
0.000000
0.000000
0.000000
0.000000
0.000000
0.000000
0.000000
0.000000
0.000000
0.000000
0.000000
0.000000
0.000000
0.001127
0.001503
0.000000
0.001252
0.001034
0.000000
0.000000
0.000000
0.000000
0.000000
0.000000
0.000000
0.000907
0.000000
0.000000
0.001905
0.000982
0.002384
0.000000
0.000000
0.000000
0.001363
0.000000
0.000000
0.001513
0.000000
0.000000
0.000000
0.000000
0.000924
0.000000
0.000000
0.001337
0.000000
0.000000
0.000000
0.000813
0.000000
0.000000
0.002705
0.000000
0.000000
0.000000
0.001140
0.000813
0.000000
0.000000
0.001023
0.000000
0.000000
0.000000
0.000000
0.000000
0.000000
0.000000
0.000000
0.002248
0.000000
0.002317
0.000000
0.001830
0.000000
0.000000
0.001392
0.000000
0.000000
0.000000
0.000000
0.000000
0.000000
0.000000
0.000000
0.001600
0.001328
0.001883
0.001134
0.000000
0.000000
0.000000
0.000000
0.000000
0.000000
0.000000
0.000000
0.000941
0.000000
0.000000
0.000000
0.000000
0.000000
0.000854
0.001601
0.001160
0.000000
0.000000
0.000000
0.000000
0.000000
0.000000
0.000000
0.001189
0.000000
0.000000
0.000000
0.000000
0.000000
0.000000
0.000000
0.000000
0.000000
0.000000
0.001358
0.000000
0.000000
0.001654
0.000000
0.000000
0.000000
0.000000
0.000000
0.000000
0.000000
0.000000
0.000000
0.000000
0.001050
0.000000
0.000000
0.000000
0.000000
0.000000
0.000000
0.000829
0.000000
0.000000
0.000000
0.000000
0.000000
0.000000
0.000000
0.001751
0.000000
0.000000
0.001302
0.000000
0.000000
0.000000
0.000000
0.000000
0.000000
0.000000
0.000000
0.000000
0.000000
0.001585
0.000000
0.000000
0.000000
0.001706
0.000811
0.000000
0.000000
0.000000
0.000000
0.000000
0.001412
0.000973
0.000000
0.000000
0.000000
0.000000
0.000000
0.000000
0.000000
0.000000
0.001545
0.000000
0.000000
0.001576
0.000000
0.000000
0.000000
0.000956
0.001283
0.000979
0.000000
0.001257
0.000000
0.001749
0.000000
0.000000
0.001720
0.001300
0.000000
0.001456
0.000000
0.000000
0.001659
0.000000
0.000000
0.001340
0.000000
0.001120
0.000000
0.000000
0.000000
0.000000
0.000000
0.001271
0.000000
0.001442
0.001088
0.001125
0.000000
0.000000
0.000000
0.000000
0.000000
0.000000
0.000000
0.000000
0.000000
0.000000
0.000000
0.000000
0.000899
0.001012
0.000000
0.000000
0.000000
0.000000
0.000000
0.000000
0.001811
0.000000
0.000000
0.000835
0.000000
0.000000
0.001066
0.002119
0.000000
0.000000
0.000000
0.000000
0.000000
0.000000
0.000000
0.000000
0.000000
0.000000
0.000000
0.000862
0.000000
0.000000
0.000000
0.001057
0.001686
0.000000
0.000000
0.000000
0.000914
0.000000
0.001839
0.000000
0.000000
0.000000
0.000000
0.000000
0.000000
0.000000
0.000000
0.000000
0.001491
0.000000
0.000000
0.000000
0.000000
0.000000
0.000000
0.000000
0.000000
0.000000
0.000000
0.000000
0.000000
0.000000
0.000000
0.000000
0.000000
0.000000
0.000000
0.001844
0.001398
0.000000
0.001219
0.000000
0.000000
0.000000
0.000000
0.001881
0.000000
0.000000
0.001115
0.000000
0.000000
0.000000
0.000000
0.000000
0.000000
0.000000
0.001154
0.000000
0.000000
0.000000
0.000887
0.000000
0.000000
0.000000
0.000994
0.000000
0.000000
0.001289
0.000000
0.000000
0.000000
0.000000
0.000000
0.000000
0.000000
0.000000
0.000000
0.000000
0.000000
0.000000
0.000000
0.000000
0.000836
0.000000
0.000000
0.000000
0.000000
0.000000
0.000000
0.000000
0.000000
0.001379
0.000000
0.001209
0.000000
0.000825
0.000000
0.000000
0.002274
0.000000
0.000000
0.000000
0.000000
0.000000
0.000000
0.000000
0.000000
0.000000
0.001646
0.000000
0.001588
0.000000
0.000000
0.000000
0.001359
0.000000
0.000000
0.000000
0.000000
0.000000
0.001479
0.000000
0.000000
0.000000
0.000000
0.002797
0.000000
0.000000
0.000000
0.000000
0.000000
0.000000
0.000983
0.000000
0.000000
0.000000
0.000000
0.000000
0.000000
0.000000
0.000000
0.002000
0.000000
0.000000
0.000000
0.000000
0.000000
0.000000
0.000000
0.000000
0.000958
0.000000
0.001190
0.000000
0.000000
0.000000
0.000000
0.000000
0.001861
0.000000
0.000000
0.000000
0.000879
0.000000
0.000000
0.000000
0.000000
0.000000
0.002081
0.000000
0.000978
0.000000
0.000000
0.000000
0.000000
0.000000
0.000000
0.000000
0.000000
0.000000
0.000000
0.000000
0.000000
0.000000
0.000000
0.000000
0.000000
0.000000
0.000000
0.000000
0.000000
0.000000
0.000981
0.000000
0.000000
0.000000
0.000000
0.000000
0.000000
0.000000
0.000000
0.000000
0.000000
0.000000
0.000000
0.000000
0.000000
0.000000
0.001938
0.000000
0.000000
0.000000
0.000000
0.000000
0.000000
0.000000
0.001612
0.000000
0.000000
0.000000
0.000000
0.000000
0.000000
0.000000
0.001280
0.000000
0.000000
0.001236
0.000000
0.000000
0.000000
0.000000
0.002032
0.000000
0.000000
0.000000
0.001339
0.000000
0.000000
0.000000
0.000000
0.000882
0.000000
0.000000
0.000000
0.000000
0.000000
0.000848
0.000000
0.000000
0.000000
0.000000
0.000000
0.000000
0.000000
0.000000
0.000000
0.001029
0.000999
0.000000
0.000000
0.000000
0.000000
0.000000
0.000000
0.001332
0.000000
0.001401
0.000000
0.000000
0.000000
0.001819
0.000000
0.000000
0.000000
0.000000
0.000000
0.000000
0.001032
0.000000
0.000845
0.000000
0.001626
0.000000
0.000000
0.001910
0.000000
0.000000
0.000000
0.000000
0.000000
0.000000
0.000000
0.000000
0.000000
0.000000
0.000000
0.000916
0.000000
0.000000
0.000000
0.000000
0.000000
0.001141
0.001443
0.000000
0.000000
0.000000
0.000000
0.001090
0.000000
0.001317
0.000000
0.000000
0.000000
0.000000
0.000000
0.002479
0.000000
0.000000
0.000000
0.000942
0.000000
0.000000
0.001097
0.001566
0.000000
0.000000
0.000000
0.000000
0.000000
0.000000
0.000000
0.001600
0.000000
0.000000
0.000000
0.000000
0.000000
0.001750
0.000000
0.000000
0.000855
0.000000
0.000000
0.001960
0.000000
0.000000
0.000000
0.000000
0.000000
0.000000
0.000000
0.000000
0.000000
0.000000
0.000000
0.000000
0.000000
0.000000
0.000000
0.000000
0.000000
0.000000
0.000000
0.000000
0.000000
0.000000
0.000000
0.000000
0.001517
0.000910
0.000000
0.000000
0.000000
0.001153
0.000000
0.000000
0.000000
0.000000
0.000000
0.000000
0.000000
0.000000
0.000000
0.000000
0.000000
0.000933
0.002595
0.000000
0.000000
0.001749
0.000000
0.000000
0.000000
0.000000
0.000000
0.000000
0.000000
0.000000
0.000000
0.000000
0.001276
0.001564
0.000000
0.000000
0.000000
0.000000
0.000000
0.000000
0.000000
0.000000
0.000000
0.000000
0.000000
0.000000
0.000000
0.000000
0.000000
0.000829
0.000000
0.000000
0.001197
0.001262
0.009582
0.000000
0.000000
0.000000
0.000000
0.000000
0.000000
0.000000
0.000000
0.000000
0.001096
0.000955
0.000000
0.001778
0.000000
0.001841
0.000000
0.000000
0.000000
0.000000
0.000000
0.000000
0.000000
0.000000
0.000000
0.000000
0.000000
0.000000
0.000000
0.001125
0.000000
0.000000
0.000000
0.001852
0.001642
0.000000
0.000000
0.000000
0.000000
0.000000
0.000936
0.000000
0.000000
0.000000
0.000855
0.000000
0.000000
0.000000
0.000000
0.000000
0.000000
0.000000
0.000000
0.000000
0.000000
0.000847
0.000000
0.001284
0.000000
0.001124
0.000000
0.000000
0.000000
0.000000
0.001349
0.001072
0.000000
0.000000
0.000000
0.000000
0.000000
0.002620
0.000000
0.000000
0.000000
0.001614
0.002287
0.001609
0.000906
0.000000
0.000000
0.001195
0.000000
0.000000
0.001320
0.001633
0.000000
0.000000
0.000000
0.000000
0.000931
0.000000
0.000000
0.001102
0.000000
0.000000
0.000000
0.000000
0.000966
0.000000
0.000972
0.000955
0.001083
0.000000
0.000000
0.001489
0.000819
0.000000
0.000000
0.000000
0.000811
0.000000
0.000000
0.000000
0.000000
0.000000
0.000925
0.000000
0.000000
0.000000
0.000000
0.000000
0.000819
0.000000
0.000000
0.000000
0.000000
0.000000
0.000000
0.000000
0.000000
0.000000
0.001016
0.000000
0.000000
0.001982
0.000952
0.000871
0.000000
0.000000
0.000000
0.000000
0.002691
0.000000
0.000000
0.001452
0.000000
0.000000
0.001200
0.000000
0.000000
0.000000
0.001136
0.000000
0.000000
0.000000
0.000000
0.000000
0.000000
0.000000
0.000892
0.000000
0.000000
0.000000
0.000893
0.000000
0.000000
0.000000
0.000000
0.000000
0.000816
0.001081
0.000000
0.001917
0.000000
0.000000
0.000000
0.001675
0.000000
0.000000
0.000000
0.000000
0.000000
0.001505
0.003264
0.000000
0.000000
0.000000
0.000000
0.000000
0.000000
0.001410
0.000000
0.000000
0.000000
0.000000
0.000000
0.000000
0.000000
0.000000
0.001327
0.000000
0.000000
0.000000
0.000000
0.000000
0.000000
0.001098
0.000000
0.000000
0.000000
0.000000
0.000000
0.000000
0.000000
0.000000
0.000000
0.004529
0.000000
0.000000
0.000000
0.000000
0.001080
0.000000
0.000000
0.000000
0.000000
0.045163
0.001821
0.002274
0.000000
0.000000
0.000000
0.000000
0.001084
0.000000
0.000000
0.000000
0.000000
0.000000
0.000000
0.000000
0.002295
0.000000
0.000000
0.001543
0.000000
0.000000
0.000000
0.000000
0.000000
0.000000
0.000000
0.000000
0.001438
0.000000
0.000000
0.000000
0.000000
0.000000
0.000000
0.000000
0.000000
0.000000
0.000000
0.000000
0.000000
0.000000
0.000000
0.000000
0.000000
0.000000
0.000000
0.000000
0.000000
0.000885
0.000000
0.000000
0.000000
0.000000
0.000000
0.001988
0.000000
0.000000
0.000000
0.001262
0.000000
0.000000
0.001518
0.000000
0.000000
0.000000
0.000000
0.000000
0.000000
0.000000
0.000000
0.000000
0.000000
0.000000
0.000000
0.000000
0.000000
0.000000
0.000000
0.000000
0.000000
0.000000
0.000000
0.000000
0.000000
0.000000
0.000000
0.000000
0.000000
0.000000
0.000000
0.000000
0.000000
0.000000
0.000000
0.000000
0.000000
0.000000
0.001457
0.000000
0.000000
0.000000
0.001345
0.000000
0.000000
0.000000
0.001021
0.001161
0.000000
0.000000
0.000000
0.000000
0.000000
0.000000
0.000000
0.000000
0.000000
0.001451
0.000000
0.000000
0.000000
0.000000
0.000000
0.000000
0.000000
0.000000
0.000000
0.001135
0.001541
0.000000
0.000000
0.000000
0.000000
0.000000
0.000000
0.000000
0.000000
0.000000
0.000000
0.000000
0.001094
0.000000
0.000000
0.000000
0.000000
0.000000
0.000000
0.000000
0.000000
0.000000
0.000000
0.000000
0.000000
0.001327
0.000000
0.000000
0.000000
0.000000
0.000000
0.000000
0.001181
0.000000
0.000984
0.000000
0.000000
0.002333
0.000000
0.000000
0.000000
0.000000
0.000000
0.000000
0.000000
0.000000
0.000000
0.000000
0.000000
0.000000
0.000000
0.001165
0.001208
0.000000
0.000000
0.000000
0.000000
0.000000
0.000000
0.000000
0.000000
0.000000
0.000000
0.000000
0.000000
0.001036
0.001366
0.000000
0.001057
0.000000
0.000000
0.000000
0.000000
0.000000
0.000000
0.000000
0.001109
0.001371
0.000000
0.000000
0.000000
0.000000
0.000000
0.000000
0.000000
0.000991
0.000829
0.002040
0.000000
0.000000
0.000877
0.000000
0.000000
0.000000
0.000000
0.000000
0.000000
0.000000
0.000000
0.000000
0.000000
0.001213
0.000000
0.000000
0.000000
0.000000
0.000000
0.000000
0.000000
0.000000
0.000000
0.000000
0.000000
0.000000
0.000000
0.000000
0.001174
0.000000
0.001151
0.000000
0.000000
0.000000
0.000000
0.000996
0.000000
0.000000
0.000000
0.000000
0.000000
0.000000
0.000000
0.000000
0.000000
0.000000
0.001421
0.000000
0.000000
0.000000
0.003515
0.000000
0.000940
0.000815
0.000000
0.000000
0.000000
0.000000
0.000000
0.000000
0.000000
0.000000
0.000000
0.000000
0.000000
0.000000
0.000000
0.000000
0.000000
0.001461
0.001472
0.001679
0.000000
0.000000
0.000000
0.000000
0.001014
0.000000
0.000000
0.001059
0.000000
0.000000
0.002168
0.000000
0.001204
0.001363
0.000000
0.000000
0.000000
0.000000
0.000000
0.000000
0.000975
0.000000
0.000000
0.000000
0.000000
0.000000
0.000000
0.000962
0.000000
0.000000
0.000000
0.000000
0.000000
0.000000
0.000000
0.000000
0.000000
0.000000
0.000000
0.001537
0.000000
0.001520
0.000000
0.000000
0.000000
0.000000
0.000000
0.000000
0.000000
0.000000
0.001177
0.000000
0.000000
0.000000
0.001378
0.000000
0.000000
0.000876
0.000000
0.000000
0.000000
0.000000
0.000000
0.000000
0.000000
0.000000
0.000000
0.000000
0.000000
0.000000
0.001120
0.000000
0.000000
0.000000
0.001616
0.000000
0.000000
0.000000
0.000000
0.000000
0.000000
0.000000
0.000000
0.000000
0.000000
0.000000
0.000000
0.000000
0.000000
0.000000
0.000000
0.000000
0.000000
0.001727
0.001277
0.000000
0.000000
0.000000
0.000000
0.000000
0.000000
0.000000
0.000000
0.000000
0.001117
0.000000
0.000000
0.000000
0.000000
0.000000
0.000000
0.000000
0.000000
0.000000
0.001112
0.001924
0.000000
0.000000
0.000000
0.000000
0.000000
0.000000
0.000000
0.000000
0.001181
0.000870
0.000000
0.000000
0.000000
0.000000
0.000000
0.000000
0.001270
0.000000
0.000000
0.002175
0.000000
0.000000
0.000000
0.000000
0.000000
0.000000
0.000000
0.001251
0.001215
0.000946
0.000000
0.000000
0.001100
0.000000
0.001046
0.000000
0.000000
0.000879
0.001167
0.000000
0.000000
0.000000
0.000000
0.000000
0.001431
0.000923
0.000000
0.002143
0.000000
0.000000
0.002483
0.000000
0.000000
0.000000
0.000000
0.000000
0.000000
0.000000
0.001247
0.000000
0.000000
0.000000
0.000000
0.000000
0.000000
0.000000
0.000000
0.000000
0.000000
0.000000
0.000000
0.000000
0.000000
0.000000
0.000000
0.000000
0.000000
0.000000
0.000000
0.000000
0.000000
0.000000
0.001276
0.000000
0.000000
0.000000
0.000000
0.000000
0.000000
0.000000
0.000000
0.000000
0.001402
0.000000
0.000929
0.001209
0.000000
0.000952
0.000000
0.000000
0.000000
0.000000
0.000000
0.000000
0.000000
0.000000
0.000000
0.000847
0.000000
0.000000
0.000000
0.000844
0.000000
0.000000
0.000000
0.000997
0.000000
0.000000
0.000000
0.000000
0.000813
0.001033
0.000000
0.000000
0.000000
0.000000
0.000000
0.000000
0.000000
0.000000
0.000000
0.000000
0.000000
0.000000
0.000000
0.000000
0.000000
0.000000
0.000931
0.002097
0.000000
0.000000
0.000000
0.000000
0.000000
0.000000
0.000000
0.000000
0.000000
0.000000
0.001123
0.000000
0.000000
0.000000
0.000000
0.000000
0.000000
0.001107
0.000000
0.000000
0.000000
0.001257
0.000000
0.000000
0.000000
0.000819
0.000000
0.000000
0.000000
0.000000
0.000000
0.000000
0.000000
0.000000
0.000000
0.000000
0.000000
0.000986
0.001498
0.001351
0.000000
0.000000
0.000000
0.001120
0.000000
0.001077
0.000000
0.000000
0.001197
0.001162
0.000000
0.000000
0.000864
0.000000
0.000000
0.000000
0.000000
0.000000
0.000000
0.000000
0.000000
0.000000
0.000923
0.000000
0.000000
0.000000
0.001456
0.001179
0.000000
0.000000
0.000000
0.000000
0.000000
0.000000
0.001117
0.000000
0.000000
0.000000
0.000000
0.000000
0.000000
0.002186
0.000000
0.000999
0.000000
0.000000
0.000000
0.000000
0.000000
0.000000
0.000907
0.000000
0.001611
0.000000
0.000000
0.001431
0.000000
0.000000
0.000000
0.001086
0.000000
0.000000
0.000000
0.000000
0.000000
0.000862
0.000000
0.000000
0.000000
0.000000
0.000000
0.001529
0.000000
0.001430
0.000000
0.000000
0.001088
0.000903
0.000000
0.000000
0.000000
0.000000
0.000000
0.000000
0.001438
0.000000
0.000000
0.000000
0.000000
0.000000
0.000000
0.000000
0.000000
0.000998
0.001173
0.000000
0.000000
0.000000
0.000000
0.000000
0.000000
0.000000
0.000000
0.000854
0.000987
0.000000
0.002484
0.001073
0.000000
0.000000
0.000000
0.001013
0.000000
0.000000
0.000000
0.000000
0.000000
0.000000
0.000000
0.000000
0.000000
0.000000
0.000000
0.000000
0.000000
0.000000
0.000000
0.000000
0.000000
0.000000
0.001256
0.000000
0.000000
0.000000
0.000000
0.000872
0.000000
0.000000
0.000000
0.000000
0.000000
0.000000
0.000000
0.000000
0.000000
0.000000
0.001115
0.000000
0.001424
0.000828
0.000000
0.000000
0.001423
0.000000
0.000000
0.001025
0.000000
0.000000
0.000000
0.000000
0.000000
0.000000
0.000861
0.000000
0.000000
0.000000
0.000000
0.000000
0.000000
0.000000
0.000000
0.000000
0.000000
0.000000
0.001271
0.000000
0.000000
0.000000
0.000000
0.000000
0.000000
0.000000
0.000000
0.000000
0.000000
0.000813
0.000000
0.000000
0.000000
0.000000
0.000000
0.000993
0.000000
0.000000
0.000000
0.000000
0.000000
0.000000
0.000000
0.000000
0.000000
0.000000
0.000000
0.000000
0.000895
0.000000
0.001199
0.000000
0.000000
0.000000
0.001082
0.000000
0.000000
0.000000
0.000000
0.002300
0.000000
0.000872
0.000000
0.000000
0.000000
0.000000
0.000000
0.000000
0.001515
0.000000
0.000000
0.001258
0.000000
0.000000
0.000000
0.000000
0.000000
0.001608
0.000000
0.000000
0.000000
0.000000
0.000000
0.000000
0.000000
0.000000
0.000000
0.000000
0.000000
0.000000
0.000000
0.001422
0.000000
0.000000
0.000000
0.000000
0.001457
0.000000
0.000000
0.000839
0.000833
0.000000
0.000000
0.000000
0.000000
0.000000
0.000000
0.001335
0.000000
0.000000
0.000000
0.000000
0.000000
0.000000
0.000000
0.000000
0.000000
0.000000
0.000000
0.000000
0.000000
0.000000
0.000000
0.000819
0.000000
0.000000
0.000000
0.000000
0.000000
0.000000
0.001379
0.001560
0.000816
0.000000
0.000000
0.000000
0.000000
0.000000
0.000000
0.000000
0.000000
0.000000
0.000000
0.000000
0.000000
0.000000
0.000000
0.000000
0.000000
0.000000
0.000000
0.001250
0.000000
0.001832
0.000000
0.002170
0.000000
0.000000
0.000000
0.000000
0.001116
0.001591
0.000000
0.000000
0.000000
0.000000
0.000000
0.000000
0.000000
0.000000
0.000000
0.001298
0.000000
0.000000
0.000000
0.000000
0.000000
0.000000
0.000000
0.000000
0.000000
0.000000
0.000000
0.000000
0.000000
0.000000
0.000000
0.001271
0.000000
0.001395
0.000000
0.001242
0.000000
0.000000
0.000879
0.000000
0.000836
0.001327
0.000000
0.002007
0.001008
0.000000
0.000000
0.000000
0.000000
0.001348
0.000000
0.000000
0.001319
0.000000
0.001594
0.000000
0.000895
0.000000
0.000000
0.000000
0.000000
0.000000
0.000000
0.000000
0.001047
0.001201
0.000000
0.001311
0.000000
0.000000
0.000000
0.000000
0.000000
0.000000
0.000000
0.001570
0.000000
0.000000
0.000000
0.000000
0.000000
0.000000
0.000949
0.000000
0.000000
0.000000
0.000000
0.000000
0.000000
0.000000
0.000000
0.000000
0.000000
0.000000
0.000000
0.000000
0.000000
0.000000
0.000000
0.000000
0.001276
0.000000
0.002505
0.001021
0.000000
0.001189
0.001642
0.000000
0.000000
0.000000
0.000000
0.001308
0.000000
0.001054
0.000000
0.000000
0.000000
0.000000
0.000941
0.000000
0.000000
0.000000
0.000000
0.000000
0.000000
0.001401
0.001410
0.000000
0.001099
0.000000
0.001084
0.000000
0.000000
0.000000
0.000000
0.000000
0.000000
0.000000
0.000000
0.000000
0.000912
0.000000
0.000000
0.000000
0.000000
0.000000
0.000963
0.000000
0.000000
0.000000
0.000000
0.000000
0.000000
0.000000
0.000000
0.000000
0.000000
0.000000
0.000000
0.001797
0.000000
0.001145
0.000000
0.000000
0.000000
0.000868
0.000000
0.000000
0.000000
0.000000
0.000877
0.000000
0.002140
0.001521
0.000000
0.000000
0.000000
0.000000
0.000000
0.000000
0.000000
0.000000
0.000000
0.000000
0.000946
0.000000
0.000000
0.000000
0.000000
0.000000
0.000000
0.000000
0.000000
0.001121
0.001215
0.000000
0.000000
0.000000
0.001101
0.000000
0.000000
0.000000
0.000000
0.000000
0.000000
0.000000
0.000000
0.000000
0.001318
0.000000
0.000000
0.000000
0.001137
0.000000
0.000000
0.000000
0.000000
0.000000
0.000000
0.000000
0.000000
0.000000
0.000899
0.000000
0.000000
0.000000
0.000000
0.000000
0.000000
0.000000
0.000856
0.000000
0.000000
0.000000
0.000000
0.000000
0.001125
0.001351
0.000000
0.000000
0.000000
0.000000
0.000000
0.000000
0.000000
0.000000
0.000000
0.000000
0.000943
0.000000
0.000000
0.000000
0.002182
0.001000
0.000000
0.000000
0.000000
0.000000
0.000000
0.000958
0.000000
0.000000
0.000000
0.000000
0.000000
0.002019
0.000000
0.001501
0.000000
0.000000
0.000000
0.001044
0.000000
0.000000
0.000000
0.001607
0.000000
0.000000
0.000000
0.000000
0.000000
0.000000
0.000000
0.000000
0.000000
0.000943
0.000000
0.000000
0.000000
0.000917
0.000000
0.000000
0.000918
0.001257
0.000000
0.000000
0.000000
0.000000
0.001417
0.000000
0.001047
0.000856
0.000000
0.000000
0.000000
0.000000
0.000000
0.000000
0.000000
0.000000
0.000000
0.000000
0.000000
0.000000
0.000000
0.000000
0.000897
0.000845
0.000000
0.000000
0.000000
0.000000
0.000000
0.000000
0.000000
0.000000
0.002378
0.000000
0.000000
0.000000
0.000000
0.000000
0.000000
0.000000
0.000000
0.000000
0.000000
0.000000
0.000000
0.000000
0.000000
0.000000
0.000000
0.000000
0.000000
0.000000
0.000000
0.000000
0.000000
0.000000
0.000000
0.000000
0.000000
0.000000
0.001083
0.000000
0.000000
0.000000
0.000000
0.000000
0.000000
0.000000
0.002423
0.000000
0.000000
0.000000
0.000000
0.000000
0.000000
0.000000
0.000000
0.000000
0.001055
0.000000
0.000000
0.000000
0.001701
0.000000
0.000000
0.000000
0.000000
0.000000
0.001052
0.000000
0.000000
0.000000
0.000000
0.000000
0.000000
0.000000
0.001623
0.000000
0.000000
0.000000
0.000000
0.000000
0.001309
0.000000
0.000000
0.000000
0.000000
0.000000
0.000000
0.000000
0.000000
0.000000
0.000000
0.000000
0.000000
0.000000
0.000000
0.000000
0.000000
0.000000
0.001083
0.000000
0.000000
0.000000
0.000000
0.000000
0.001195
0.000000
0.000000
0.000900
0.000000
0.000819
0.001187
0.000000
0.000000
0.001393
0.000000
0.000000
0.001358
0.000000
0.000000
0.000000
0.000000
0.000000
0.000000
0.000000
0.000000
0.001205
0.000000
0.001144
0.001296
0.001433
0.000000
0.000000
0.001528
0.000000
0.000000
0.000000
0.000000
0.000811
0.000000
0.000000
0.000000
0.001451
0.000000
0.000000
0.000000
0.000000
0.000000
0.000000
0.001295
0.000000
0.000000
0.000000
0.000000
0.000000
0.000000
0.000000
0.000000
0.000000
0.000000
0.000000
0.000000
0.000000
0.001470
0.000000
0.000000
0.000000
0.000000
0.001636
0.000000
0.001635
0.000000
0.000000
0.000000
0.001311
0.000000
0.000000
0.000000
0.000000
0.000000
0.001816
0.001872
0.000000
0.000000
0.000839
0.000000
0.000000
0.000000
0.000000
0.000000
0.000000
0.000000
0.000000
0.000000
0.001325
0.000000
0.001533
0.001265
0.000000
0.000909
0.000000
0.000000
0.000000
0.000000
0.000000
0.000000
0.000000
0.000000
0.000000
0.000000
0.000894
0.000000
0.000000
0.000000
0.000842
0.000000
0.000895
0.000000
0.000000
0.000000
0.000000
0.000000
0.000000
0.000000
0.000000
0.000000
0.001322
0.000000
0.000000
0.000000
0.000000
0.000000
0.000000
0.000000
0.000000
0.000000
0.000000
0.000000
0.000000
0.000000
0.000000
0.000000
0.000000
0.001646
0.000000
0.000000
0.000000
0.000000
0.000873
0.001219
0.000000
0.000000
0.000000
0.000976
0.000000
0.000000
0.000000
0.000000
0.000000
0.001250
0.001575
0.000000
0.000000
0.000000
0.000000
0.000000
0.000000
0.000000
0.000000
0.000000
0.001462
0.002555
0.000000
0.000000
0.000858
0.000000
0.000000
0.000000
0.002595
0.000000
0.000000
0.000000
0.000000
0.000000
0.000000
0.001254
0.000000
0.000920
0.000000
0.000000
0.000000
0.000000
0.001666
0.000000
0.000000
0.000000
0.000000
0.000000
0.000000
0.002242
0.000000
0.000000
0.000000
0.000000
0.000000
0.000000
0.000000
0.000000
0.001388
0.001000
0.001237
0.000000
0.000000
0.000000
0.000000
0.000000
0.000000
0.000000
0.001017
0.000980
0.000000
0.000000
0.002393
0.000000
0.001997
0.001080
0.000000
0.000000
0.000000
0.000000
0.000000
0.000000
0.000000
0.000000
0.000000
0.000000
0.000000
0.000000
0.001743
0.000000
0.000833
0.000000
0.000980
0.000000
0.000000
0.001116
0.000000
0.000000
0.001732
0.000000
0.000000
0.000000
0.000000
0.001046
0.000000
0.000000
0.000000
0.000000
0.000000
0.000000
0.000000
0.001337
0.000000
0.000000
0.000951
0.000000
0.000000
0.000000
0.000000
0.000000
0.000000
0.000000
0.000000
0.000000
0.000000
0.000000
0.000000
0.000850
0.000000
0.000000
0.000000
0.000000
0.000000
0.000000
0.001512
0.000000
0.000000
0.000000
0.000000
0.000000
0.000000
0.000934
0.000000
0.000000
0.000000
0.001504
0.000000
0.000000
0.000000
0.000000
0.000833
0.000000
0.000000
0.000000
0.000000
0.000000
0.000816
0.002401
0.000000
0.000000
0.000000
0.000000
0.000000
0.000000
0.001257
0.000000
0.000000
0.000000
0.000000
0.000000
0.000000
0.000000
0.000000
0.000000
0.000000
0.000000
0.000000
0.000000
0.000000
0.000000
0.000000
0.000000
0.000000
0.000000
0.000854
0.000000
0.000000
0.000000
0.000000
0.000000
0.000000
0.000000
0.000000
0.000000
0.000000
0.000000
0.000000
0.000000
0.000000
0.001444
0.000000
0.000000
0.000000
0.000000
0.001257
0.001500
0.000000
0.000000
0.000000
0.001214
0.000000
0.000000
0.000902
0.000000
0.000000
0.000000
0.000000
0.001213
0.000000
0.000000
0.000000
0.000000
0.000980
0.000000
0.000000
0.001717
0.000000
0.000000
0.000000
0.000000
0.000000
0.000000
0.000000
0.000000
0.000000
0.000000
0.000000
0.000000
0.000000
0.000000
0.000000
0.000000
0.000000
0.000000
0.000000
0.000000
0.000000
0.000000
0.000000
0.000000
0.000000
0.000000
0.000000
0.000000
0.000000
0.002135
0.000000
0.000000
0.000000
0.000000
0.000000
0.000000
0.001056
0.000000
0.000000
0.000000
0.000000
0.000000
0.000000
0.000000
0.000000
0.000000
0.000000
0.000853
0.000000
0.000000
0.001995
0.000000
0.000000
0.000000
0.000000
0.000000
0.000000
0.000828
0.000000
0.000000
0.000000
0.000000
0.000990
0.000000
0.000000
0.000000
0.000000
0.000000
0.000000
0.000000
0.000000
0.000000
0.000000
0.000000
0.002348
0.000000
0.000000
0.000000
0.000000
0.000000
0.000000
0.000000
0.000000
0.000000
0.000000
0.000000
0.000000
0.000000
0.000815
0.001266
0.000000
0.000000
0.000000
0.000000
0.000000
0.000000
0.000000
0.000000
0.000000
0.000000
0.000000
0.000000
0.000000
0.000000
0.000000
0.000000
0.001449
0.000000
0.000000
0.001785
0.000000
0.000000
0.000000
0.000000
0.000000
0.000000
0.000000
0.001513
0.000000
0.000000
0.000000
0.000000
0.000000
0.000000
0.000000
0.000000
0.000000
0.000000
0.001560
0.000000
0.000000
0.000000
0.000000
0.000000
0.000000
0.000000
0.000000
0.001981
0.000000
0.000978
0.000000
0.000000
0.001595
0.000000
0.001893
0.000000
0.000000
0.000000
0.000000
0.000000
0.000000
0.000000
0.000000
0.000000
0.000920
0.000000
0.000000
0.000000
0.000000
0.000000
0.000000
0.001265
0.000000
0.000000
0.000000
0.000000
0.000000
0.000000
0.000000
0.000000
0.000000
0.000000
0.000000
0.001076
0.000000
0.000000
0.000000
0.000000
0.000000
0.000000
0.000984
0.000000
0.000000
0.000000
0.000000
0.000000
0.000000
0.000000
0.000000
0.000863
0.000000
0.000000
0.000000
0.000000
0.000000
0.000000
0.000000
0.000000
0.000000
0.000000
0.002151
0.000000
0.000000
0.000000
0.000000
0.001773
0.000000
0.001404
0.000000
0.000000
0.000000
0.001019
0.000000
0.000000
0.000000
0.000000
0.000000
0.000948
0.000864
0.000000
0.000992
0.000000
0.000000
0.002153
0.000000
0.001373
0.000000
0.001116
0.000000
0.000000
0.000000
0.000000
0.000000
0.000000
0.000000
0.000000
0.000000
0.000000
0.000000
0.000000
0.000000
0.000000
0.000000
0.000000
0.000000
0.000000
0.001474
0.000000
0.000000
0.000000
0.000000
0.000000
0.000000
0.000000
0.001193
0.001225
0.000000
0.000000
0.000000
0.000000
0.001945
0.000000
0.000000
0.000000
0.000000
0.000000
0.000000
0.000000
0.001523
0.000000
0.000000
0.002216
0.001243
0.000000
0.000000
0.000000
0.000000
0.000000
0.000000
0.000000
0.000000
0.000000
0.001620
0.001118
0.000000
0.000000
0.000000
0.000000
0.000000
0.001009
0.000000
0.001039
0.000000
0.001013
0.000000
0.000000
0.000000
0.000000
0.000000
0.000000
0.000000
0.000000
0.000000
0.001847
0.000000
0.000000
0.000000
0.000000
0.000000
0.000957
0.002134
0.000000
0.000000
0.000000
0.000000
0.000000
0.000000
0.000000
0.000000
0.000000
0.000000
0.000000
0.000000
0.000946
0.001324
0.000000
0.000000
0.000000
0.000000
0.001480
0.000000
0.001798
0.001988
0.000000
0.000000
0.000000
0.000000
0.000000
0.001105
0.000000
0.000000
0.000000
0.000000
0.000000
0.000000
0.000000
0.000000
0.000000
0.000000
0.000000
0.000000
0.000895
0.000000
0.000000
0.000000
0.000000
0.000000
0.000000
0.000000
0.000000
0.000000
0.000000
0.000000
0.000000
0.000000
0.001399
0.000000
0.002292
0.000000
0.000000
0.000000
0.000000
0.000000
0.000000
0.000000
0.000000
0.000000
0.001189
0.000000
0.000000
0.000000
0.000000
0.001133
0.000000
0.000000
0.000000
0.000990
0.000000
0.000000
0.000000
0.000000
0.000000
0.000000
0.000000
0.000000
0.000000
0.000000
0.000000
0.000000
0.001062
0.001782
0.002170
0.000000
0.000000
0.000000
0.000997
0.000000
0.000000
0.000000
0.000000
0.000825
0.000815
0.001272
0.000000
0.000000
0.000000
0.000000
0.000000
0.000000
0.000000
0.000961
0.000000
0.000000
0.000000
0.000000
0.000000
0.000000
0.000000
0.000000
0.000000
0.002099
0.000000
0.000000
0.000000
0.000000
0.000000
0.000000
0.000000
0.000000
0.000000
0.000000
0.000000
0.000000
0.000000
0.000841
0.000000
0.001110
0.000000
0.000000
0.000000
0.000000
0.001223
0.000000
0.000000
0.000000
0.000000
0.000000
0.000000
0.000000
0.000000
0.000000
0.000000
0.000000
0.000000
0.000000
0.001035
0.000000
0.000000
0.000000
0.000000
0.000000
0.000000
0.000980
0.001010
0.000000
0.000000
0.000000
0.000000
0.000000
0.000000
0.001004
0.000000
0.000000
0.000000
0.000000
0.001305
0.001389
0.000000
0.000000
0.000000
0.000000
0.001846
0.000000
0.000000
0.000000
0.000000
0.000000
0.001398
0.000000
0.000000
0.000000
0.000000
0.000000
0.000000
0.000000
0.000000
0.000000
0.000000
0.000000
0.001383
0.000000
0.000000
0.001166
0.001763
0.000835
0.000842
0.000000
0.000000
0.000000
0.000000
0.000000
0.001039
0.000000
0.000000
0.000000
0.000000
0.000000
0.000000
0.000000
0.001537
0.001042
0.000000
0.000000
0.001291
0.000000
0.000000
0.000000
0.000000
0.000000
0.001075
0.000000
0.000000
0.000000
0.000000
0.000000
0.000000
0.000000
0.000000
0.001519
0.000000
0.000000
0.000000
0.000000
0.000000
0.001711
0.000000
0.000000
0.000000
0.000000
0.000000
0.000000
0.000000
0.000000
0.000000
0.001913
0.000000
0.000829
0.000000
0.000000
0.000000
0.000994
0.000929
0.000000
0.000000
0.000000
0.001370
0.000000
0.000000
0.000882
0.000000
0.000000
0.000000
0.000000
0.000000
0.000000
0.000000
0.000000
0.000000
0.000000
0.000000
0.000000
0.000935
0.000000
0.000000
0.001501
0.001040
0.000000
0.000000
0.000000
0.000000
0.000000
0.000000
0.000000
0.000000
0.000000
0.000000
0.000000
0.000000
0.000000
0.000000
0.000000
0.000000
0.000000
0.000000
0.001913
0.000928
0.000000
0.000000
0.000000
0.000000
0.000000
0.000000
0.000000
0.000000
0.000000
0.000000
0.000000
0.000000
0.000000
0.000000
0.000000
0.000000
0.000000
0.000896
0.000000
0.000000
0.000000
0.000000
0.000000
0.000000
0.001116
0.000000
0.000000
0.001800
0.000000
0.001075
0.000000
0.000000
0.000000
0.000000
0.000000
0.000000
0.001130
0.000000
0.000000
0.000000
0.000000
0.000873
0.000000
0.000000
0.000000
0.000000
0.000000
0.000000
0.000000
0.000831
0.000000
0.000000
0.001625
0.000000
0.000000
0.000000
0.000000
0.000000
0.000000
0.000000
0.000000
0.001970
0.000000
0.000000
0.000000
0.000000
0.000000
0.001515
0.000000
0.000000
0.000000
0.000000
0.000000
0.000000
0.000000
0.000000
0.000000
0.000000
0.000000
0.000000
0.000000
0.000000
0.000000
0.000000
0.000000
0.000000
0.000000
0.000000
0.000000
0.000000
0.000000
0.001144
0.000000
0.000000
0.000000
0.000000
0.000000
0.000000
0.000000
0.000000
0.000000
0.001313
0.000000
0.000000
0.001185
0.000000
0.000000
0.000000
0.000000
0.000000
0.000000
0.000000
0.000814
0.000000
0.001175
0.000000
0.000000
0.000000
0.000000
0.000000
0.000000
0.000000
0.000000
0.001363
0.000812
0.000000
0.000000
0.000000
0.000000
0.000000
0.000000
0.000000
0.000000
0.000960
0.000000
0.000000
0.000000
0.000000
0.000000
0.000000
0.000000
0.000000
0.000000
0.000000
0.000000
0.000000
0.000000
0.001345
0.001046
0.000000
0.000000
0.000000
0.000000
0.001234
0.000000
0.000000
0.000000
0.000000
0.000000
0.000000
0.000000
0.000000
0.000000
0.000000
0.000000
0.000000
0.000000
0.000000
0.000000
0.000000
0.000000
0.000000
0.000000
0.000000
0.000000
0.000000
0.000000
0.000000
0.000000
0.000000
0.000000
0.000000
0.000000
0.000000
0.000000
0.000000
0.000000
0.002028
0.000000
0.000000
0.000000
0.001578
0.000000
0.000000
0.000954
0.000000
0.000000
0.000000
0.001058
0.001258
0.000000
0.000000
0.000000
0.001276
0.000000
0.000000
0.000000
0.000000
0.002366
0.000000
0.000984
0.001458
0.000000
0.000000
0.000000
0.000000
0.000000
0.000000
0.000000
0.001238
0.000000
0.000000
0.000000
0.000000
0.000000
0.000000
0.000000
0.001224
0.000000
0.000000
0.000000
0.000000
0.000000
0.000000
0.000000
0.000000
0.000000
0.000000
0.000000
0.000000
0.000000
0.000000
0.000000
0.000000
0.000000
0.001275
0.000000
0.000000
0.001533
0.000000
0.000000
0.000000
0.000000
0.001000
0.000000
0.001224
0.000000
0.000000
0.000000
0.000000
0.001253
0.000000
0.000000
0.000000
0.000000
0.000922
0.000000
0.000000
0.000000
0.000000
0.000000
0.001057
0.001423
0.000000
0.000000
0.000000
0.000000
0.000000
0.001114
0.000000
0.000000
0.000000
0.000000
0.000000
0.001429
0.001070
0.000000
0.000000
0.000000
0.000000
0.000000
0.000000
0.000000
0.000000
0.000000
0.002332
0.001492
0.000000
0.000000
0.000000
0.000000
0.000000
0.000000
0.000000
0.000000
0.000000
0.000000
0.000000
0.000000
0.000000
0.000000
0.000000
0.000000
0.000000
0.000000
0.000000
0.000000
0.000000
0.000000
0.000000
0.000000
0.001850
0.001030
0.000880
0.000000
0.000000
0.000000
0.000000
0.000000
0.000000
0.000000
0.000000
0.000000
0.000000
0.000000
0.000000
0.000000
0.000000
0.000000
0.000000
0.000992
0.000902
0.000846
0.000000
0.000000
0.000000
0.000000
0.000000
0.000000
0.000000
0.000000
0.000000
0.001467
0.000000
0.001764
0.000000
0.001152
0.000902
0.000000
0.001607
0.000000
0.000000
0.000000
0.000000
0.000000
0.000000
0.000000
0.000000
0.000000
0.000000
0.000000
0.000000
0.000000
0.000000
0.000000
0.000000
0.000000
0.000000
0.000000
0.000000
0.000000
0.000000
0.000000
0.000000
0.000000
0.000000
0.000000
0.002094
0.000000
0.001146
0.000000
0.000000
0.000000
0.001081
0.000000
0.000871
0.000000
0.000000
0.000000
0.000000
0.000000
0.001085
0.001537
0.000000
0.001097
0.000000
0.001187
0.000985
0.000000
0.000000
0.001495
0.000000
0.000000
0.000000
0.000000
0.000000
0.001250
0.000000
0.000896
0.000000
0.001532
0.000000
0.000000
0.000000
0.000000
0.001256
0.001264
0.000000
0.000000
0.000000
0.000000
0.001247
0.000000
0.000000
0.000000
0.000000
0.000000
0.000000
0.000000
0.000000
0.001299
0.000000
0.000000
0.000000
0.000818
0.000000
0.000890
0.000000
0.001136
0.000000
0.001883
0.000000
0.000000
0.000000
0.000000
0.000000
0.000000
0.000000
0.000000
0.000000
0.000000
0.002205
0.000000
0.001480
0.000000
0.000000
0.000000
0.000000
0.001214
0.000000
0.000000
0.000000
0.000000
0.000000
0.000000
0.000000
0.000000
0.001231
0.000000
0.000000
0.000000
0.001016
0.000000
0.000000
0.000000
0.000000
0.000000
0.000000
0.000000
0.000000
0.000000
0.000000
0.000000
0.000000
0.000000
0.001343
0.000000
0.000000
0.000000
0.000000
0.000000
0.000000
0.000000
0.000000
0.000000
0.000000
0.000000
0.001702
0.000000
0.000000
0.000846
0.000000
0.000000
0.000000
0.000000
0.000000
0.000000
0.000000
0.000000
0.000000
0.001129
0.000000
0.000000
0.000000
0.000000
0.000000
0.000000
0.000000
0.000000
0.000000
0.000000
0.000000
0.000000
0.000000
0.000000
0.000000
0.000000
0.000000
0.001743
0.000000
0.000000
0.000000
0.001216
0.000000
0.000000
0.000000
0.000000
0.000919
0.000000
0.000876
0.000000
0.000000
0.000000
0.000000
0.000000
0.001131
0.001051
0.000000
0.000847
0.001252
0.000000
0.000000
0.000000
0.000985
0.000930
0.001142
0.000000
0.000000
0.000000
0.001178
0.000000
0.000000
0.000927
0.000000
0.000000
0.000000
0.000000
0.000000
0.000000
0.000000
0.000000
0.000847
0.000000
0.000000
0.000000
0.000000
0.000000
0.000000
0.000000
0.000000
0.000000
0.000000
0.000000
0.000000
0.000000
0.000000
0.000000
0.000000
0.000000
0.000000
0.000000
0.000000
0.000000
0.000000
0.000000
0.000000
0.000000
0.000000
0.000000
0.000000
0.000000
0.000000
0.000000
0.000000
0.000000
0.001105
0.000000
0.000000
0.000000
0.000000
0.001506
0.000000
0.000825
0.000000
0.000000
0.000000
0.000000
0.000000
0.000000
0.000000
0.001059
0.000000
0.000000
0.001653
0.000000
0.000000
0.000000
0.000000
0.000000
0.000000
0.000000
0.000000
0.000000
0.000000
0.000000
0.000000
0.000000
0.000000
0.000000
0.000000
0.000000
0.000000
0.000000
0.000000
0.000000
0.000000
0.000971
0.000000
0.000000
0.000997
0.000000
0.000000
0.000000
0.000000
0.000000
0.001249
0.000000
0.000000
