0.001168
0.000000
0.000769
0.000000
0.000000
0.000000
0.000000
0.001452
0.000000
0.000000
0.000000
0.000000
0.000000
0.000000
0.000000
0.000000
0.000912
0.000000
0.000000
0.000000
0.000718
0.002086
0.000000
0.000000
0.002730
0.000000
0.000000
0.000000
0.000000
0.000000
0.000000
0.002988
0.000000
0.000000
0.000000
0.000000
0.000000
0.000000
0.000000
0.000000
0.000000
0.000000
0.000000
0.000000
0.000795
0.000000
0.000000
0.000000
0.000000
0.000000
0.000000
0.000000
0.000000
0.000000
0.000000
0.000688
0.000000
0.000760
0.001433
0.000000
0.001413
0.001067
0.000000
0.000000
0.000000
0.000000
0.000000
0.000000
0.000000
0.001058
0.000000
0.000000
0.001756
0.001108
0.001865
0.000000
0.000000
0.000000
0.001342
0.000000
0.000000
0.001421
0.000000
0.000000
0.000000
0.000000
0.000885
0.000000
0.000000
0.001159
0.000000
0.000000
0.000000
0.000000
0.000000
0.000000
0.001951
0.000000
0.000000
0.000000
0.000986
0.000831
0.000000
0.000000
0.001016
0.000000
0.000000
0.000000
0.000748
0.000000
0.000000
0.000000
0.000000
0.002355
0.000000
0.001987
0.000000
0.001805
0.000000
0.000000
0.001345
0.000000
0.000000
0.000000
0.000000
0.000000
0.000676
0.000000
0.000000
0.001390
0.001405
0.001699
0.000984
0.000000
0.000000
0.000000
0.000000
0.000000
0.000000
0.000000
0.000000
0.000921
0.000000
0.000000
0.000000
0.000000
0.000000
0.000685
0.001512
0.001011
0.000000
0.000000
0.000000
0.000000
0.000000
0.000000
0.000000
0.001160
0.000000
0.000000
0.000000
0.000000
0.000000
0.000000
0.000000
0.000000
0.000000
0.000000
0.001427
0.000000
0.000000
0.001357
0.000000
0.000000
0.000000
0.000742
0.000000
0.000000
0.000000
0.000000
0.000000
0.000000
0.001031
0.000000
0.000000
0.000000
0.000000
0.000000
0.000000
0.000726
0.000000
0.000000
0.000000
0.000000
0.000000
0.000000
0.000000
0.001272
0.000000
0.000000
0.001171
0.000000
0.000000
0.000000
0.000000
0.000794
0.000000
0.000000
0.000000
0.000000
0.000000
0.001343
0.000000
0.000000
0.000000
0.001487
0.000700
0.000000
0.000000
0.000000
0.000000
0.000000
0.001134
0.000828
0.000000
0.000000
0.000000
0.000000
0.000000
0.000000
0.000000
0.000000
0.001378
0.000000
0.000000
0.001530
0.000000
0.000000
0.000000
0.000781
0.001375
0.000787
0.000000
0.001154
0.000000
0.001567
0.000000
0.000000
0.001640
0.001148
0.000000
0.001315
0.000668
0.000000
0.001430
0.000000
0.000000
0.001151
0.000000
0.001071
0.000000
0.000000
0.000000
0.000000
0.000000
0.001379
0.000000
0.001237
0.000876
0.000879
0.000000
0.000000
0.000000
0.000000
0.000000
0.000750
0.000000
0.000000
0.000000
0.000000
0.000000
0.000000
0.000865
0.000917
0.000000
0.000000
0.000000
0.000000
0.000788
0.000000
0.001846
0.000000
0.000000
0.000993
0.000000
0.000000
0.001102
0.002135
0.000000
0.000000
0.000000
0.000000
0.000000
0.000000
0.000817
0.000000
0.000000
0.000000
0.000000
0.001004
0.000000
0.000000
0.000000
0.000836
0.001341
0.000000
0.000000
0.000000
0.000864
0.000000
0.001671
0.000000
0.000000
0.000876
0.000000
0.000000
0.000000
0.000000
0.000000
0.000000
0.001432
0.000000
0.000000
0.000000
0.000717
0.000000
0.000000
0.000000
0.000000
0.000000
0.000000
0.000000
0.000000
0.000000
0.000000
0.000000
0.000000
0.000000
0.000000
0.001495
0.001229
0.000000
0.001075
0.000000
0.000000
0.000000
0.000000
0.001476
0.000680
0.000000
0.000981
0.000000
0.000000
0.000000
0.000000
0.000000
0.000000
0.000000
0.001011
0.000000
0.000000
0.000000
0.000704
0.000000
0.000000
0.000000
0.000839
0.000000
0.000000
0.000895
0.000000
0.000000
0.000000
0.000000
0.000000
0.000000
0.000000
0.000000
0.000000
0.000000
0.000886
0.000771
0.000000
0.000000
0.000000
0.000000
0.000000
0.000000
0.000000
0.000000
0.000000
0.000000
0.000000
0.001629
0.000000
0.000788
0.000000
0.000000
0.000000
0.000000
0.003018
0.000000
0.000000
0.000000
0.000000
0.000000
0.000000
0.000000
0.000000
0.000000
0.001697
0.000000
0.001489
0.000000
0.000000
0.000892
0.001335
0.000000
0.000000
0.000000
0.000000
0.000672
0.001309
0.000000
0.000000
0.000000
0.000000
0.002695
0.000000
0.000000
0.000000
0.000000
0.000000
0.000000
0.000917
0.000000
0.000000
0.000000
0.000000
0.000000
0.000000
0.000000
0.000000
0.001870
0.000000
0.000000
0.000000
0.000000
0.000000
0.000000
0.000000
0.000000
0.000939
0.000000
0.001068
0.000000
0.000000
0.000000
0.000000
0.000775
0.001987
0.000000
0.000000
0.000000
0.000811
0.000000
0.000000
0.000000
0.000690
0.000000
0.001768
0.000903
0.000000
0.000000
0.000000
0.000709
0.000669
0.000000
0.000000
0.000000
0.000000
0.000000
0.000000
0.000674
0.000000
0.000000
0.000000
0.000000
0.000000
0.000000
0.000000
0.000000
0.000000
0.000000
0.001047
0.000000
0.000000
0.000000
0.000000
0.000000
0.000000
0.000000
0.000000
0.000000
0.000000
0.000000
0.000000
0.000000
0.000000
0.000000
0.001955
0.000000
0.000000
0.000000
0.000000
0.000000
0.000000
0.000000
0.001488
0.000000
0.000000
0.000000
0.000000
0.000000
0.000000
0.000000
0.001107
0.000000
0.000000
0.000937
0.000000
0.000000
0.000000
0.000000
0.001829
0.000000
0.000000
0.000000
0.001233
0.000000
0.000000
0.000000
0.000000
0.000829
0.000000
0.000000
0.000000
0.000000
0.000000
0.000000
0.000000
0.000000
0.000000
0.000000
0.000000
0.000000
0.000000
0.000000
0.000000
0.000965
0.000844
0.000000
0.000000
0.000000
0.000000
0.000000
0.000000
0.001461
0.000671
0.001332
0.000000
0.000000
0.000000
0.001850
0.000000
0.000000
0.000000
0.000000
0.000000
0.000000
0.000928
0.000000
0.000810
0.000000
0.001563
0.000000
0.000000
0.001561
0.000000
0.000000
0.000000
0.000000
0.000000
0.000000
0.000000
0.000000
0.000000
0.000000
0.000000
0.000000
0.000000
0.000000
0.000000
0.000000
0.000000
0.001290
0.001300
0.000000
0.000000
0.000000
0.000000
0.000965
0.000000
0.001110
0.000000
0.000000
0.000000
0.000000
0.000000
0.001975
0.000000
0.000000
0.000000
0.000747
0.000000
0.000000
0.001061
0.001262
0.000000
0.000000
0.000000
0.000000
0.000000
0.000000
0.000000
0.001461
0.000000
0.000000
0.000000
0.000000
0.000000
0.001547
0.000000
0.000000
0.000754
0.000000
0.000000
0.001719
0.000000
0.000000
0.000000
0.000000
0.000000
0.000000
0.000000
0.000706
0.000000
0.000774
0.000881
0.000000
0.000000
0.000000
0.000000
0.000000
0.000000
0.000670
0.000000
0.000000
0.000000
0.000000
0.000000
0.000000
0.001225
0.001007
0.000000
0.000000
0.000000
0.001008
0.000000
0.000000
0.000000
0.000000
0.000000
0.000000
0.000000
0.000000
0.000000
0.000000
0.000000
0.000000
0.002445
0.000000
0.000000
0.001608
0.000000
0.000000
0.000000
0.000000
0.000000
0.000000
0.000000
0.000000
0.000000
0.000000
0.001145
0.001647
0.000000
0.000000
0.000000
0.000000
0.000000
0.000000
0.000735
0.000000
0.000000
0.000000
0.000000
0.000000
0.000000
0.000000
0.000000
0.000932
0.000000
0.000000
0.000945
0.000944
0.000000
0.000000
0.000000
0.000000
0.000000
0.000000
0.000000
0.000000
0.000000
0.000000
0.001149
0.001048
0.000000
0.001675
0.000000
0.001602
0.000000
0.000000
0.000820
0.000000
0.000000
0.000000
0.000000
0.000000
0.000000
0.000825
0.000000
0.000000
0.000000
0.000857
0.000785
0.000000
0.000000
0.001641
0.001274
0.000000
0.000000
0.000756
0.000000
0.000000
0.001001
0.000000
0.000000
0.000000
0.000944
0.000000
0.000000
0.000000
0.000000
0.000000
0.000000
0.000000
0.000709
0.000000
0.000000
0.000739
0.000000
0.000927
0.000000
0.000968
0.000000
0.000000
0.000000
0.000000
0.001335
0.000747
0.000000
0.000684
0.000000
0.000000
0.000000
0.002213
0.000000
0.000000
0.000000
0.001520
0.002230
0.001647
0.000746
0.000000
0.000000
0.001083
0.000000
0.000000
0.001278
0.001708
0.000000
0.000000
0.000000
0.000000
0.000000
0.000000
0.000000
0.000999
0.000000
0.000000
0.000000
0.000000
0.000733
0.000000
0.000730
0.001004
0.001035
0.000000
0.000000
0.001227
0.000873
0.000000
0.000000
0.000000
0.000683
0.000000
0.000000
0.000000
0.000000
0.000000
0.000722
0.000000
0.000000
0.000000
0.000000
0.000000
0.000000
0.000000
0.000000
0.000000
0.000000
0.000000
0.000000
0.000000
0.000000
0.000000
0.000987
0.000000
0.000000
0.001703
0.000836
0.000765
0.000000
0.000000
0.000000
0.000000
0.002770
0.000000
0.000000
0.001276
0.000000
0.000000
0.001111
0.000000
0.000779
0.000797
0.000893
0.000000
0.000000
0.000000
0.000000
0.000000
0.000000
0.000000
0.000730
0.000000
0.000000
0.000000
0.000807
0.000000
0.000000
0.000000
0.000000
0.000000
0.000827
0.001093
0.000000
0.001817
0.000000
0.000000
0.000000
0.001429
0.000000
0.000000
0.000000
0.000000
0.000000
0.001444
0.003184
0.000000
0.000000
0.000000
0.000000
0.000000
0.000000
0.001155
0.000000
0.000000
0.000000
0.000000
0.000000
0.000000
0.000000
0.000679
0.001258
0.000000
0.000000
0.000000
0.000000
0.000000
0.000000
0.000000
0.000000
0.000000
0.000000
0.000000
0.000000
0.000000
0.000000
0.000000
0.000000
0.003821
0.000000
0.002688
0.000000
0.000000
0.001050
0.000000
0.000000
0.000000
0.000000
0.042688
0.001822
0.001953
0.000000
0.000000
0.000000
0.000000
0.001126
0.000000
0.000000
0.000000
0.000000
0.000000
0.000000
0.000000
0.002202
0.000000
0.000000
0.001562
0.000000
0.000000
0.000000
0.000000
0.000000
0.000000
0.000000
0.000000
0.001866
0.000856
0.000000
0.000000
0.000000
0.000000
0.000000
0.000742
0.000000
0.000000
0.000000
0.000000
0.000000
0.000000
0.000000
0.000000
0.000000
0.000000
0.000000
0.000000
0.000000
0.000899
0.000000
0.000000
0.000000
0.000000
0.000000
0.001861
0.000000
0.000000
0.000000
0.001067
0.000000
0.000000
0.001731
0.000000
0.000785
0.000000
0.000000
0.000000
0.000000
0.000000
0.000000
0.000000
0.000000
0.000000
0.000000
0.000000
0.000000
0.000000
0.000000
0.000000
0.000000
0.000000
0.000000
0.000000
0.000000
0.000000
0.000000
0.000000
0.000000
0.000000
0.000000
0.000000
0.000000
0.000000
0.000000
0.000000
0.000000
0.000000
0.001140
0.000000
0.000000
0.000699
0.001128
0.000000
0.000000
0.000679
0.001031
0.000932
0.000000
0.000000
0.000000
0.000000
0.000000
0.000000
0.000000
0.000000
0.000000
0.001011
0.000000
0.000000
0.000000
0.000000
0.000676
0.000000
0.000000
0.000000
0.000000
0.000992
0.001458
0.000000
0.000000
0.000807
0.000000
0.000000
0.000000
0.000000
0.000000
0.000000
0.000000
0.000000
0.000932
0.000000
0.000000
0.000000
0.000000
0.000000
0.000000
0.000000
0.000000
0.000000
0.000000
0.000000
0.000000
0.001086
0.000000
0.000000
0.000000
0.000000
0.000000
0.000000
0.000975
0.000000
0.000726
0.000962
0.000000
0.002111
0.000000
0.000000
0.000000
0.000000
0.000000
0.000000
0.000000
0.000000
0.000000
0.000000
0.000000
0.000000
0.000000
0.001223
0.001122
0.000000
0.000000
0.000000
0.000000
0.000000
0.000000
0.000000
0.000000
0.000000
0.000000
0.000000
0.000000
0.000805
0.001503
0.000000
0.001312
0.000000
0.000000
0.000000
0.000000
0.000000
0.000000
0.000000
0.000842
0.001256
0.000000
0.000000
0.000000
0.001105
0.000000
0.000000
0.000000
0.000696
0.000831
0.001747
0.000000
0.000000
0.000900
0.000000
0.000000
0.000000
0.000000
0.000000
0.000000
0.000000
0.000000
0.000000
0.000000
0.001116
0.000000
0.000000
0.000000
0.000000
0.000000
0.000000
0.000000
0.000874
0.000000
0.000000
0.000000
0.000000
0.000000
0.000000
0.001278
0.000000
0.001093
0.000000
0.000000
0.000000
0.000000
0.001100
0.000000
0.000000
0.000000
0.000000
0.000000
0.000000
0.000000
0.000000
0.000000
0.000000
0.001454
0.000000
0.000000
0.000000
0.003180
0.000000
0.001004
0.000773
0.000000
0.000000
0.000000
0.000000
0.000000
0.000000
0.000000
0.000000
0.000000
0.000000
0.000000
0.000000
0.000000
0.000000
0.000000
0.001107
0.001487
0.001738
0.000000
0.000000
0.000000
0.000000
0.000879
0.000000
0.000000
0.000895
0.000000
0.000000
0.001863
0.000000
0.001024
0.001185
0.000000
0.000000
0.000000
0.000000
0.000000
0.000000
0.000979
0.000000
0.000000
0.000000
0.000000
0.000000
0.000000
0.000786
0.000000
0.000000
0.000000
0.000000
0.000000
0.000000
0.000000
0.000000
0.000000
0.000000
0.000000
0.001494
0.000766
0.001441
0.000000
0.000000
0.000000
0.000000
0.000000
0.000833
0.000000
0.000000
0.001287
0.000000
0.000000
0.000000
0.001217
0.000000
0.000000
0.000970
0.000000
0.000000
0.000000
0.000000
0.000704
0.000000
0.000000
0.000000
0.000000
0.000000
0.000000
0.000000
0.001195
0.000000
0.000000
0.000000
0.001382
0.000000
0.000000
0.000000
0.000000
0.000000
0.000000
0.000000
0.000000
0.000000
0.000000
0.000000
0.000000
0.000000
0.000000
0.000000
0.000000
0.000000
0.000000
0.001453
0.000930
0.000000
0.000000
0.000000
0.000000
0.000000
0.000000
0.000000
0.000000
0.000000
0.000968
0.000000
0.000000
0.000000
0.000000
0.000000
0.000000
0.000000
0.000000
0.000000
0.001152
0.001885
0.000000
0.000000
0.000000
0.000000
0.000000
0.000000
0.000000
0.000000
0.001069
0.000727
0.000000
0.000000
0.000000
0.000000
0.000000
0.000000
0.001126
0.000000
0.000000
0.002226
0.000000
0.000000
0.000000
0.000000
0.000889
0.000000
0.000000
0.001495
0.001163
0.000847
0.000000
0.000000
0.001115
0.000000
0.000782
0.000000
0.000000
0.000804
0.001202
0.000000
0.000000
0.000000
0.000000
0.000000
0.001369
0.000963
0.000000
0.002034
0.000000
0.000000
0.002297
0.000000
0.000000
0.000000
0.000000
0.000000
0.000000
0.000000
0.000869
0.000000
0.000000
0.000000
0.000000
0.000000
0.000000
0.000000
0.000000
0.000000
0.000000
0.000000
0.000683
0.000000
0.000000
0.000000
0.000000
0.000000
0.000000
0.000000
0.000000
0.000000
0.000000
0.000000
0.001302
0.000000
0.000000
0.000000
0.000000
0.000000
0.000000
0.000000
0.000000
0.000000
0.001371
0.000000
0.000000
0.001065
0.000000
0.000934
0.000000
0.000000
0.000000
0.000000
0.000000
0.000000
0.000000
0.000000
0.000000
0.000719
0.000694
0.000000
0.000000
0.000711
0.000000
0.000000
0.000000
0.001007
0.000000
0.000000
0.000000
0.000000
0.000805
0.000898
0.000000
0.000000
0.000000
0.000000
0.000000
0.000000
0.000000
0.000000
0.000000
0.000000
0.000000
0.000000
0.000000
0.000000
0.000000
0.000000
0.000861
0.001905
0.000000
0.000000
0.000000
0.000000
0.000000
0.000000
0.000000
0.000000
0.000000
0.000000
0.000934
0.000000
0.000000
0.000000
0.000000
0.000000
0.000000
0.001157
0.000000
0.000000
0.000000
0.001083
0.000000
0.000000
0.000000
0.000000
0.000000
0.000000
0.000000
0.000000
0.000000
0.000000
0.000000
0.000000
0.000000
0.000000
0.000000
0.000863
0.001256
0.001348
0.000000
0.000000
0.000000
0.000896
0.000000
0.001007
0.000000
0.000000
0.001034
0.000937
0.000000
0.000000
0.000777
0.000000
0.000670
0.000000
0.000000
0.000000
0.000000
0.000000
0.000000
0.000000
0.000885
0.000000
0.000000
0.000000
0.001504
0.001279
0.000000
0.000000
0.000000
0.000000
0.000000
0.000000
0.001087
0.000000
0.000000
0.000000
0.000000
0.000000
0.000784
0.002272
0.000000
0.000924
0.000000
0.000000
0.000000
0.000000
0.000000
0.000000
0.000726
0.000000
0.001547
0.000000
0.000000
0.001206
0.000956
0.000000
0.000000
0.000838
0.000000
0.000676
0.000788
0.000000
0.000000
0.000825
0.000000
0.000000
0.000000
0.000000
0.000000
0.001371
0.000000
0.001264
0.000000
0.000000
0.000935
0.000784
0.000000
0.000000
0.000000
0.000000
0.000000
0.000000
0.001372
0.000000
0.000000
0.000000
0.000000
0.000000
0.000000
0.000000
0.000000
0.000989
0.001216
0.000000
0.000000
0.000000
0.000000
0.000000
0.000000
0.000000
0.000000
0.000744
0.001045
0.000000
0.002187
0.001091
0.000000
0.000000
0.000000
0.001002
0.000000
0.000000
0.000000
0.000000
0.000000
0.000000
0.000000
0.000000
0.000000
0.000000
0.000000
0.000000
0.000000
0.000000
0.000000
0.000000
0.000000
0.000000
0.000927
0.000000
0.000000
0.000000
0.000000
0.001054
0.000668
0.000000
0.000000
0.000000
0.000000
0.000000
0.000000
0.000000
0.000815
0.000000
0.000850
0.000000
0.001337
0.000787
0.000000
0.000000
0.001241
0.000000
0.000000
0.001083
0.000000
0.000000
0.000000
0.000000
0.000000
0.000000
0.000839
0.000000
0.000000
0.000000
0.000000
0.000000
0.000000
0.000000
0.000000
0.000000
0.000000
0.000000
0.000883
0.000697
0.000000
0.000000
0.000670
0.000000
0.000000
0.000000
0.000000
0.000000
0.000000
0.000956
0.000000
0.000000
0.000000
0.000000
0.000000
0.000770
0.000000
0.000000
0.000000
0.000000
0.000000
0.000000
0.000000
0.000000
0.000000
0.000000
0.000000
0.000000
0.000781
0.000000
0.001198
0.000778
0.000854
0.000000
0.000931
0.000000
0.000000
0.000000
0.000000
0.002121
0.000000
0.000735
0.000000
0.000000
0.000000
0.000000
0.000000
0.000000
0.001348
0.000000
0.000000
0.000997
0.000000
0.000000
0.000000
0.000000
0.000000
0.001617
0.000000
0.000000
0.000000
0.000000
0.000000
0.000000
0.000000
0.000000
0.000000
0.000000
0.000000
0.000000
0.000000
0.001328
0.000000
0.000000
0.000000
0.000000
0.001368
0.000000
0.000000
0.000000
0.000000
0.000000
0.000000
0.000000
0.000000
0.000000
0.000000
0.001177
0.000000
0.000717
0.000000
0.000000
0.000000
0.000000
0.000000
0.000000
0.000000
0.000000
0.000000
0.000000
0.000000
0.000000
0.000000
0.000916
0.000000
0.000000
0.000000
0.000000
0.000000
0.000000
0.001490
0.001404
0.000901
0.000000
0.000000
0.000000
0.000000
0.000000
0.000000
0.000000
0.000000
0.000000
0.000000
0.000000
0.000000
0.000000
0.000000
0.000000
0.000000
0.000000
0.000000
0.001045
0.000000
0.001658
0.000000
0.001778
0.000000
0.000000
0.000000
0.000000
0.001011
0.001855
0.000000
0.000000
0.000000
0.000000
0.000000
0.000000
0.000000
0.000000
0.000000
0.001091
0.000000
0.000000
0.000000
0.000000
0.000000
0.000000
0.000000
0.000000
0.000000
0.000000
0.000000
0.000000
0.000000
0.000000
0.000822
0.001082
0.000000
0.001349
0.000000
0.001098
0.000000
0.000000
0.000873
0.000000
0.000000
0.001110
0.000000
0.001948
0.000735
0.000000
0.000000
0.000000
0.000000
0.001029
0.000000
0.000000
0.001040
0.000000
0.001277
0.000000
0.000000
0.000000
0.000000
0.000000
0.000000
0.000000
0.000000
0.000000
0.000972
0.001124
0.000000
0.001229
0.000000
0.000000
0.000000
0.000000
0.000000
0.000000
0.000000
0.001370
0.000000
0.000000
0.000000
0.000000
0.000000
0.000000
0.001023
0.000000
0.000000
0.000000
0.000000
0.000000
0.000000
0.000000
0.000000
0.000000
0.000000
0.000000
0.000000
0.000000
0.000000
0.000000
0.000952
0.000000
0.000883
0.000000
0.002260
0.001116
0.000000
0.001050
0.001510
0.000000
0.000000
0.000000
0.000000
0.001184
0.000000
0.000948
0.000696
0.000000
0.000000
0.000000
0.000975
0.000000
0.000000
0.000000
0.000000
0.000000
0.000000
0.000995
0.001260
0.000681
0.000933
0.000000
0.000834
0.000000
0.000000
0.000000
0.000000
0.000000
0.000000
0.000000
0.000000
0.000000
0.000670
0.000000
0.000000
0.000000
0.000000
0.000000
0.000777
0.000000
0.000000
0.000000
0.000000
0.000000
0.000000
0.000000
0.000758
0.000000
0.000000
0.000000
0.000000
0.001439
0.000000
0.001178
0.000000
0.000000
0.000000
0.000735
0.000000
0.000000
0.000000
0.000000
0.000812
0.000000
0.002167
0.001222
0.000000
0.000000
0.000000
0.000000
0.000000
0.000000
0.000000
0.000000
0.000000
0.000000
0.001030
0.000000
0.000000
0.000000
0.000000
0.000000
0.000000
0.000000
0.000000
0.001215
0.001140
0.000000
0.000000
0.000000
0.000986
0.000000
0.000000
0.000000
0.000000
0.000000
0.000000
0.000000
0.000000
0.000000
0.001107
0.000000
0.000000
0.000000
0.000833
0.000000
0.000000
0.000000
0.000000
0.000000
0.000000
0.000000
0.000000
0.000000
0.000829
0.000000
0.000000
0.000000
0.000000
0.000714
0.000000
0.000000
0.000802
0.000000
0.000000
0.000000
0.000954
0.000000
0.001055
0.000896
0.000000
0.000000
0.000000
0.000000
0.000000
0.000000
0.000000
0.000000
0.000000
0.000000
0.001120
0.000000
0.000000
0.000000
0.002152
0.000796
0.000000
0.000000
0.000000
0.000000
0.000778
0.000927
0.000000
0.000000
0.000000
0.000000
0.000000
0.001820
0.000000
0.001375
0.000000
0.000000
0.000000
0.001081
0.000000
0.000000
0.000000
0.001412
0.000000
0.000000
0.000000
0.000850
0.000000
0.000000
0.000000
0.000000
0.000000
0.000910
0.000000
0.000000
0.000000
0.000970
0.000000
0.000000
0.000963
0.001057
0.000000
0.000000
0.000000
0.000000
0.001322
0.000000
0.000785
0.000000
0.000000
0.000000
0.000000
0.000000
0.000000
0.000000
0.000000
0.000000
0.000000
0.000000
0.000000
0.000000
0.000000
0.000000
0.000931
0.000966
0.000000
0.000000
0.000000
0.000000
0.000000
0.000000
0.000000
0.000000
0.002239
0.000000
0.000000
0.000000
0.000000
0.000000
0.000000
0.000000
0.000000
0.000000
0.000000
0.000000
0.000000
0.000000
0.000000
0.000000
0.000000
0.000000
0.000000
0.000000
0.000830
0.000000
0.000000
0.000000
0.000000
0.000000
0.000792
0.000000
0.001199
0.000000
0.000000
0.000000
0.000000
0.000000
0.000000
0.000000
0.002339
0.000000
0.000000
0.000000
0.000000
0.000000
0.000000
0.000000
0.000000
0.000000
0.001075
0.000000
0.000000
0.000000
0.001578
0.000000
0.000000
0.000000
0.000000
0.000000
0.000797
0.000000
0.000000
0.000000
0.000000
0.000000
0.000000
0.000000
0.001379
0.000000
0.000000
0.000000
0.000692
0.000000
0.001554
0.000000
0.000000
0.000000
0.000000
0.000000
0.000000
0.000000
0.000000
0.000000
0.000000
0.000000
0.000000
0.000000
0.000000
0.000000
0.000000
0.000000
0.001135
0.000000
0.000000
0.000000
0.000000
0.000000
0.001000
0.000000
0.000000
0.001091
0.000000
0.000795
0.001271
0.000000
0.000000
0.001263
0.000000
0.000000
0.001306
0.000000
0.000000
0.000000
0.000000
0.000739
0.000000
0.000000
0.000679
0.000830
0.000000
0.001168
0.001125
0.001165
0.000000
0.000000
0.001466
0.000000
0.000000
0.000000
0.000000
0.000839
0.000000
0.000000
0.000000
0.001074
0.000000
0.000000
0.000000
0.000000
0.000000
0.000000
0.000914
0.000000
0.000000
0.000000
0.000000
0.000000
0.000000
0.000000
0.000000
0.000000
0.000000
0.000000
0.000773
0.000000
0.001276
0.000000
0.000000
0.000000
0.000000
0.001491
0.000000
0.001192
0.000000
0.000000
0.000732
0.001151
0.000000
0.000000
0.000000
0.000000
0.000000
0.001640
0.001685
0.000000
0.000000
0.000803
0.000000
0.000000
0.000000
0.000000
0.000000
0.000000
0.000000
0.000000
0.000000
0.001200
0.000000
0.001621
0.001219
0.000000
0.000694
0.000000
0.000687
0.000000
0.000000
0.000000
0.000000
0.000000
0.000000
0.000000
0.000000
0.000710
0.000000
0.000000
0.000000
0.000000
0.000000
0.000804
0.000000
0.000000
0.000000
0.000000
0.000000
0.000000
0.000000
0.000000
0.000000
0.001038
0.000000
0.000000
0.000000
0.000000
0.000000
0.000950
0.000862
0.000000
0.000000
0.000000
0.000000
0.000000
0.000000
0.000000
0.000000
0.000000
0.001304
0.000000
0.000000
0.000000
0.000000
0.000766
0.001121
0.000828
0.000000
0.000000
0.000823
0.000000
0.000000
0.000000
0.000000
0.000000
0.001298
0.001440
0.000000
0.000000
0.000000
0.000000
0.000000
0.000000
0.000000
0.000000
0.000000
0.001492
0.002318
0.000000
0.000000
0.000902
0.000000
0.000000
0.000000
0.002382
0.000000
0.000000
0.000000
0.000000
0.000000
0.000000
0.001084
0.000000
0.000740
0.000000
0.000000
0.000000
0.000000
0.001439
0.000000
0.000000
0.000000
0.000000
0.000000
0.000000
0.002170
0.000000
0.000000
0.000000
0.000000
0.000000
0.000000
0.000000
0.000000
0.000980
0.000803
0.000930
0.000000
0.000685
0.000000
0.000000
0.000000
0.000000
0.000000
0.001058
0.000754
0.000000
0.000000
0.002170
0.000000
0.001913
0.001000
0.000000
0.000000
0.000000
0.000000
0.000000
0.000000
0.000000
0.000000
0.000000
0.000000
0.000000
0.000000
0.001632
0.000000
0.000728
0.000000
0.000683
0.000000
0.000000
0.001106
0.000000
0.000000
0.001686
0.000000
0.000000
0.000000
0.000000
0.000957
0.000000
0.000000
0.000000
0.000000
0.000000
0.000000
0.000000
0.001192
0.000000
0.000000
0.000821
0.000000
0.000000
0.000000
0.000810
0.000000
0.000000
0.000000
0.000000
0.000000
0.000000
0.000000
0.000000
0.000817
0.000000
0.000000
0.000000
0.000000
0.000000
0.000000
0.001475
0.000000
0.000000
0.000000
0.000000
0.000000
0.000000
0.000000
0.000000
0.000000
0.000000
0.001404
0.000000
0.000000
0.000000
0.000000
0.000000
0.000000
0.000000
0.000000
0.000000
0.000801
0.000945
0.001902
0.000000
0.000000
0.000000
0.000000
0.000000
0.000000
0.000837
0.000000
0.000000
0.000000
0.000000
0.000877
0.000691
0.000000
0.000000
0.000000
0.000000
0.000000
0.000000
0.000000
0.000000
0.000000
0.000000
0.000000
0.000000
0.000000
0.000788
0.000000
0.000000
0.000000
0.000000
0.000000
0.000000
0.000000
0.000000
0.000000
0.000000
0.000000
0.000000
0.000000
0.000000
0.001537
0.000000
0.000000
0.000000
0.000000
0.001157
0.001108
0.000000
0.000000
0.000000
0.001011
0.000000
0.000000
0.000824
0.000000
0.000000
0.000000
0.000000
0.000812
0.000000
0.000000
0.000673
0.000000
0.000756
0.000000
0.000000
0.001623
0.000000
0.000000
0.000000
0.000000
0.000000
0.000000
0.000000
0.000696
0.000000
0.000000
0.000695
0.000000
0.000000
0.000000
0.000000
0.000000
0.000000
0.000000
0.000000
0.000000
0.000000
0.000000
0.000000
0.000000
0.000000
0.001079
0.000000
0.000000
0.000000
0.001920
0.000000
0.000000
0.000000
0.000695
0.000000
0.000948
0.000771
0.000000
0.000000
0.000000
0.000000
0.000000
0.000000
0.000000
0.000741
0.000000
0.000000
0.000764
0.000000
0.000000
0.001984
0.000000
0.000000
0.000000
0.000000
0.000000
0.000000
0.000000
0.000000
0.000000
0.000000
0.000000
0.000859
0.000000
0.000000
0.000801
0.000000
0.000000
0.000000
0.000000
0.000000
0.000000
0.000000
0.000000
0.002354
0.000000
0.000000
0.000000
0.000000
0.000000
0.000000
0.000000
0.000000
0.000000
0.000000
0.000000
0.000000
0.000000
0.000000
0.001051
0.000000
0.000760
0.000000
0.000000
0.000000
0.000000
0.000000
0.000000
0.000000
0.000000
0.000000
0.000000
0.000000
0.000000
0.000000
0.000000
0.001062
0.000000
0.000000
0.001607
0.000751
0.000000
0.000000
0.000000
0.000000
0.000000
0.000000
0.001311
0.000000
0.000000
0.000000
0.000000
0.000000
0.000000
0.000000
0.000000
0.000000
0.000000
0.001584
0.000000
0.000000
0.000000
0.000000
0.000000
0.000000
0.000000
0.000000
0.001745
0.000000
0.001094
0.000000
0.000000
0.001596
0.000000
0.001862
0.000000
0.000000
0.000000
0.000000
0.000000
0.000000
0.000000
0.000000
0.000000
0.000000
0.000000
0.000000
0.000000
0.000000
0.000000
0.000000
0.001475
0.000000
0.000000
0.000000
0.000000
0.000000
0.000000
0.000000
0.000000
0.000000
0.000000
0.000000
0.001122
0.000000
0.000000
0.000000
0.000000
0.000000
0.000000
0.000000
0.000000
0.000000
0.000000
0.000000
0.000000
0.000000
0.000000
0.000000
0.000854
0.000000
0.000000
0.000000
0.000000
0.000903
0.000000
0.000000
0.000000
0.000000
0.000000
0.002149
0.000000
0.000731
0.000000
0.000000
0.001685
0.000000
0.001260
0.000000
0.000000
0.000000
0.000888
0.000000
0.000000
0.000000
0.000000
0.000000
0.000979
0.000941
0.000681
0.001009
0.000000
0.000000
0.001785
0.000000
0.001392
0.000000
0.000755
0.000000
0.000000
0.000000
0.000000
0.000000
0.000000
0.000000
0.000000
0.000000
0.000000
0.000000
0.000000
0.000000
0.000000
0.000000
0.000000
0.000000
0.000000
0.001316
0.000000
0.000000
0.000000
0.000000
0.000000
0.000000
0.000000
0.001065
0.001102
0.000000
0.000000
0.000000
0.000000
0.001734
0.000000
0.000000
0.000000
0.000000
0.000000
0.000000
0.000000
0.001371
0.000000
0.000000
0.002234
0.000883
0.000000
0.000719
0.000000
0.000000
0.000000
0.000000
0.000000
0.000000
0.000000
0.001513
0.001236
0.000000
0.000000
0.000000
0.000000
0.000000
0.000902
0.000000
0.000990
0.000000
0.000915
0.000000
0.000000
0.000000
0.000000
0.000000
0.000000
0.000000
0.000000
0.000000
0.001536
0.000000
0.000000
0.000000
0.000000
0.000000
0.000710
0.002068
0.000000
0.000000
0.000000
0.000000
0.000000
0.000000
0.000000
0.000847
0.000000
0.000000
0.000000
0.000000
0.000907
0.001499
0.000000
0.000000
0.000000
0.000000
0.001499
0.000000
0.001664
0.001992
0.000000
0.000000
0.000000
0.000000
0.000000
0.001049
0.000000
0.000000
0.000000
0.000000
0.000000
0.000000
0.000000
0.000000
0.000000
0.000000
0.000000
0.000000
0.000720
0.000000
0.000000
0.000000
0.000000
0.000000
0.000000
0.000000
0.000000
0.000000
0.000000
0.000000
0.000000
0.000000
0.001473
0.000000
0.002058
0.000000
0.000000
0.000000
0.000000
0.000000
0.000000
0.000000
0.000000
0.000000
0.001147
0.000000
0.000000
0.000000
0.000000
0.000964
0.000000
0.000000
0.000000
0.000771
0.000000
0.000000
0.000000
0.000000
0.000000
0.000695
0.000000
0.000000
0.000000
0.000000
0.000000
0.000000
0.001039
0.001715
0.002107
0.000000
0.000000
0.000000
0.000774
0.000000
0.000000
0.000000
0.000000
0.000872
0.001016
0.001140
0.000000
0.000000
0.000000
0.000000
0.000000
0.000000
0.000000
0.000786
0.000000
0.000000
0.000000
0.000000
0.000000
0.000000
0.000000
0.000000
0.000000
0.001984
0.000000
0.000804
0.000690
0.000000
0.000000
0.000000
0.000000
0.000000
0.000000
0.000000
0.000000
0.000000
0.000724
0.000822
0.000000
0.000958
0.000000
0.000000
0.000000
0.000000
0.001128
0.000766
0.000000
0.000000
0.000000
0.000000
0.000000
0.000000
0.000000
0.000000
0.000000
0.000000
0.000000
0.000000
0.000902
0.000000
0.000000
0.000000
0.000000
0.000000
0.000000
0.000895
0.001116
0.000000
0.000000
0.000000
0.000000
0.000000
0.000000
0.000860
0.000000
0.000000
0.000000
0.000000
0.001188
0.001246
0.000000
0.000000
0.000000
0.000000
0.001823
0.000000
0.000000
0.000000
0.000000
0.000000
0.001300
0.000000
0.000000
0.000000
0.000883
0.000000
0.000000
0.000000
0.000000
0.000000
0.000000
0.000000
0.001389
0.000000
0.000000
0.001188
0.001534
0.001011
0.000755
0.000000
0.000000
0.000000
0.000000
0.000000
0.001164
0.000000
0.000000
0.000000
0.000000
0.000000
0.000000
0.000000
0.001635
0.001239
0.000000
0.000000
0.001241
0.000000
0.000000
0.000000
0.000715
0.000679
0.001044
0.000000
0.000000
0.000000
0.000000
0.000000
0.000000
0.000000
0.000000
0.001433
0.000000
0.000000
0.000000
0.000000
0.000000
0.001496
0.000000
0.000000
0.000000
0.000000
0.000000
0.000000
0.000000
0.000000
0.000000
0.001558
0.000000
0.000000
0.000000
0.000000
0.000000
0.000957
0.001037
0.000000
0.000000
0.000000
0.001202
0.000000
0.000000
0.000762
0.000000
0.000000
0.000000
0.000000
0.000000
0.000000
0.000000
0.000000
0.000000
0.000000
0.000000
0.000000
0.000865
0.000000
0.000000
0.001239
0.000937
0.000000
0.000000
0.000000
0.000000
0.000000
0.000000
0.000000
0.000000
0.000000
0.000000
0.000000
0.000000
0.000000
0.000000
0.000000
0.000000
0.000000
0.000000
0.001935
0.000906
0.000000
0.000000
0.000000
0.000000
0.000000
0.000000
0.000000
0.000000
0.000000
0.000000
0.000000
0.000000
0.000000
0.000686
0.000000
0.000000
0.000000
0.000810
0.000000
0.000000
0.000000
0.000000
0.000000
0.000000
0.001097
0.000000
0.000000
0.001496
0.000000
0.001007
0.000000
0.000000
0.000000
0.000000
0.000000
0.000000
0.001116
0.000000
0.000000
0.000823
0.000000
0.000895
0.000000
0.000000
0.000000
0.000000
0.000000
0.000000
0.000000
0.000828
0.000000
0.000000
0.001321
0.000000
0.000000
0.000000
0.000824
0.000000
0.000000
0.000000
0.000000
0.001750
0.000674
0.000000
0.000000
0.000000
0.000000
0.001440
0.000000
0.000000
0.000000
0.000000
0.000000
0.000000
0.000000
0.000000
0.000000
0.000000
0.000000
0.000000
0.000000
0.000000
0.000000
0.000000
0.000000
0.000000
0.000000
0.000000
0.000000
0.000000
0.000000
0.000907
0.000000
0.000000
0.000000
0.000000
0.000000
0.000000
0.000000
0.000000
0.000000
0.001200
0.000000
0.000000
0.001160
0.000000
0.000000
0.000000
0.000000
0.000000
0.000000
0.000000
0.000849
0.000000
0.001018
0.000000
0.000000
0.000000
0.000000
0.000000
0.000000
0.000000
0.000000
0.001241
0.000000
0.000000
0.000000
0.000714
0.000000
0.000000
0.000000
0.000000
0.000000
0.001016
0.000000
0.000000
0.000722
0.000000
0.000000
0.000676
0.000000
0.000000
0.000000
0.000000
0.000000
0.000000
0.000000
0.001271
0.000804
0.000000
0.000000
0.000000
0.000000
0.000966
0.000000
0.000000
0.000000
0.000000
0.000000
0.000000
0.000000
0.000000
0.000000
0.000000
0.000000
0.000000
0.000000
0.000813
0.000000
0.000000
0.000000
0.000000
0.000000
0.000000
0.000000
0.000000
0.000701
0.000000
0.000000
0.000000
0.000000
0.000000
0.000000
0.000000
0.000000
0.000000
0.000855
0.001905
0.000000
0.000000
0.000000
0.001367
0.000000
0.000000
0.000000
0.000000
0.000000
0.000000
0.000987
0.001222
0.000000
0.000000
0.000000
0.001340
0.000000
0.000000
0.000000
0.000000
0.001711
0.000000
0.000888
0.001406
0.000000
0.000000
0.000000
0.000758
0.000000
0.000000
0.000000
0.001346
0.000790
0.000000
0.000000
0.000000
0.000000
0.000000
0.000000
0.001196
0.000000
0.000000
0.000000
0.000000
0.000000
0.000676
0.000000
0.000000
0.000000
0.000000
0.000000
0.000000
0.000000
0.000000
0.000000
0.000000
0.000000
0.001055
0.000000
0.000000
0.001454
0.000000
0.000000
0.000000
0.000000
0.000928
0.000000
0.001099
0.000000
0.000000
0.000000
0.000000
0.000998
0.000000
0.000000
0.000000
0.000000
0.000830
0.000000
0.000000
0.000000
0.000000
0.000000
0.000000
0.001123
0.000000
0.000000
0.000000
0.000000
0.000000
0.000822
0.000000
0.000000
0.000000
0.000000
0.000000
0.001163
0.000974
0.000000
0.000000
0.000000
0.000000
0.000000
0.000000
0.000000
0.000000
0.000000
0.002227
0.001412
0.000000
0.000000
0.000000
0.000000
0.000000
0.000000
0.000000
0.000000
0.000000
0.000000
0.000000
0.000000
0.000776
0.000000
0.000000
0.000000
0.000000
0.000000
0.000000
0.000000
0.000000
0.000000
0.000000
0.000000
0.001918
0.000855
0.000842
0.000000
0.000000
0.000000
0.000000
0.000000
0.000000
0.000000
0.000000
0.000000
0.000000
0.000000
0.000000
0.000000
0.000000
0.000000
0.000000
0.001006
0.000717
0.000901
0.000000
0.000000
0.000000
0.000766
0.000000
0.000000
0.000000
0.000000
0.000000
0.001125
0.000000
0.001685
0.000000
0.001471
0.000710
0.000000
0.001282
0.000000
0.000000
0.000000
0.000000
0.000000
0.000000
0.000000
0.000000
0.000000
0.000000
0.000000
0.000000
0.000000
0.000000
0.000000
0.000000
0.000000
0.000000
0.000000
0.000000
0.000000
0.000000
0.000000
0.000000
0.000000
0.000000
0.000000
0.001724
0.000000
0.001153
0.000000
0.000000
0.000000
0.000828
0.000886
0.000748
0.000000
0.000000
0.000000
0.000000
0.000000
0.001065
0.001326
0.000000
0.001371
0.000000
0.001107
0.000883
0.000000
0.000000
0.001301
0.000000
0.000000
0.000000
0.000000
0.000000
0.000940
0.000000
0.001031
0.000000
0.001463
0.000000
0.000000
0.000000
0.000000
0.001394
0.001212
0.000000
0.000000
0.000000
0.000000
0.001135
0.000000
0.000000
0.000000
0.000000
0.000000
0.000000
0.000000
0.000000
0.001241
0.000000
0.000000
0.000000
0.000755
0.000000
0.000984
0.000000
0.000773
0.000000
0.001998
0.000000
0.000000
0.000000
0.000000
0.000000
0.000000
0.000000
0.000000
0.000000
0.000000
0.001902
0.000000
0.001387
0.000000
0.000000
0.000000
0.000000
0.001481
0.000000
0.000000
0.000000
0.000000
0.000000
0.000000
0.000000
0.000000
0.001002
0.000000
0.000000
0.000000
0.000939
0.000000
0.000000
0.000000
0.000000
0.000000
0.000000
0.000000
0.000000
0.000000
0.000000
0.000000
0.000000
0.000000
0.001114
0.000000
0.000000
0.000000
0.000000
0.000000
0.000000
0.000000
0.000000
0.000000
0.000000
0.000000
0.001503
0.000000
0.000000
0.000789
0.000672
0.000000
0.000000
0.000762
0.000000
0.000689
0.000000
0.000000
0.000000
0.001128
0.000737
0.000000
0.000000
0.000000
0.000000
0.000000
0.000000
0.000912
0.000000
0.000000
0.000000
0.000000
0.000000
0.000000
0.000000
0.000000
0.000000
0.001485
0.000000
0.000000
0.000000
0.001060
0.000000
0.000000
0.000000
0.000000
0.000716
0.000000
0.000797
0.000000
0.000000
0.000000
0.000000
0.000000
0.001401
0.000944
0.000000
0.000733
0.001257
0.000000
0.000000
0.000000
0.001103
0.001066
0.000857
0.000000
0.000000
0.000000
0.001172
0.000936
0.000000
0.000000
0.000000
0.000000
0.000000
0.000000
0.000000
0.000000
0.000000
0.000687
0.000862
0.000000
0.000000
0.000000
0.000000
0.000000
0.000000
0.000000
0.000000
0.000000
0.000000
0.000000
0.000000
0.000000
0.000000
0.000000
0.000000
0.000845
0.000000
0.000000
0.000000
0.000000
0.000000
0.000000
0.000000
0.000000
0.000000
0.000000
0.000000
0.000000
0.000000
0.000000
0.000000
0.000000
0.000842
0.000000
0.000000
0.000000
0.000000
0.001494
0.000000
0.000842
0.000000
0.000000
0.000000
0.000000
0.000000
0.000000
0.000000
0.000914
0.000000
0.000000
0.001559
0.000000
0.000000
0.000000
0.000000
0.000000
0.000000
0.000000
0.000000
0.000000
0.000000
0.000000
0.000000
0.000000
0.000000
0.000000
0.000721
0.000000
0.000000
0.000000
0.000000
0.000000
0.000000
0.000862
0.000000
0.000000
0.001022
0.000000
0.000973
0.000000
0.000000
0.000000
0.000911
0.000000
0.000000
