0.000000
0.000000
0.000735
0.000000
0.000000
0.000000
0.000000
0.000000
0.000000
0.000000
0.000000
0.000531
0.000000
0.000000
0.000000
0.000664
0.001498
0.000000
0.000500
0.000000
0.000000
0.001998
0.000000
0.000000
0.000000
0.001179
0.000000
0.000734
0.000000
0.000000
0.001144
0.000920
0.000000
0.000000
0.000000
0.000000
0.000000
0.000000
0.000000
0.000000
0.000000
0.000771
0.000553
0.000759
0.000000
0.000000
0.001306
0.000000
0.000000
0.000000
0.000000
0.000000
0.000000
0.000000
0.000000
0.000000
0.000000
0.000000
0.000960
0.000000
0.000000
0.001048
0.000000
0.000000
0.000000
0.000000
0.000000
0.000000
0.000000
0.000678
0.001185
0.000476
0.000000
0.000523
0.000956
0.001041
0.000000
0.000000
0.000000
0.000575
0.000000
0.000793
0.000000
0.000000
0.000925
0.000000
0.000000
0.000000
0.001755
0.000000
0.000000
0.000000
0.000000
0.000000
0.000556
0.000000
0.001050
0.000512
0.000000
0.000671
0.001175
0.000943
0.000000
0.000000
0.000000
0.000000
0.000000
0.000000
0.000000
0.000000
0.000000
0.000000
0.000000
0.002631
0.001703
0.000000
0.000000
0.002165
0.000000
0.000000
0.000000
0.000679
0.001131
0.000000
0.000000
0.001061
0.000000
0.000000
0.000000
0.000000
0.000513
0.000000
0.000000
0.000000
0.000781
0.000000
0.000000
0.000000
0.000844
0.000000
0.001173
0.000000
0.000000
0.000512
0.000000
0.000000
0.000000
0.000000
0.000000
0.000000
0.000000
0.000000
0.000000
0.000000
0.000784
0.000765
0.000000
0.001406
0.000540
0.000000
0.000000
0.000000
0.001205
0.000000
0.000000
0.000758
0.000000
0.000000
0.000000
0.000000
0.000000
0.002297
0.000000
0.000528
0.000000
0.000823
0.000000
0.000000
0.000000
0.000000
0.000000
0.000000
0.000000
0.000000
0.000000
0.000000
0.001181
0.000786
0.000000
0.000000
0.000000
0.000615
0.000000
0.000000
0.000000
0.001140
0.000830
0.001769
0.000000
0.001455
0.000000
0.000000
0.000000
0.000000
0.000000
0.000000
0.000000
0.000702
0.000638
0.000000
0.000809
0.000000
0.000000
0.000786
0.000000
0.001263
0.001140
0.000000
0.000000
0.000000
0.000562
0.000000
0.000859
0.000000
0.000000
0.000000
0.000000
0.000604
0.000000
0.001210
0.000000
0.000518
0.000000
0.000000
0.000868
0.000000
0.000000
0.000000
0.000000
0.000600
0.000505
0.000000
0.001522
0.000000
0.000000
0.000000
0.000000
0.000971
0.000000
0.000000
0.000585
0.000707
0.000000
0.001314
0.001216
0.000000
0.001298
0.000000
0.000000
0.000000
0.000000
0.000000
0.000000
0.000000
0.000000
0.000000
0.000000
0.000000
0.000736
0.000000
0.000000
0.000000
0.000000
0.001316
0.000000
0.001103
0.000000
0.000000
0.000000
0.001395
0.000000
0.000000
0.000000
0.000000
0.000986
0.000000
0.000000
0.000000
0.001551
0.000000
0.000000
0.002020
0.000000
0.000000
0.000000
0.000000
0.000000
0.000000
0.000732
0.000000
0.000000
0.000650
0.000000
0.001464
0.000000
0.000000
0.000000
0.000000
0.000000
0.000000
0.000593
0.000000
0.000000
0.000000
0.000000
0.000000
0.000000
0.000719
0.000641
0.000000
0.001011
0.000000
0.000000
0.000000
0.000000
0.001263
0.000000
0.000684
0.000000
0.000000
0.000000
0.000000
0.000000
0.000000
0.000000
0.000000
0.000654
0.000000
0.000000
0.000000
0.000730
0.000000
0.000000
0.000000
0.000000
0.000000
0.000000
0.000000
0.000000
0.000611
0.000628
0.000000
0.000000
0.000520
0.000000
0.000000
0.000757
0.000000
0.000000
0.000458
0.000000
0.000000
0.000000
0.001132
0.000000
0.000000
0.000975
0.000000
0.000000
0.000986
0.000000
0.000000
0.000000
0.000461
0.000000
0.000000
0.002141
0.000000
0.000000
0.000000
0.000000
0.000000
0.000000
0.000000
0.000000
0.000000
0.000637
0.000862
0.000000
0.000000
0.000000
0.000000
0.000000
0.000000
0.000000
0.000000
0.000000
0.000000
0.000000
0.000000
0.000000
0.000000
0.000000
0.000551
0.001434
0.000000
0.000000
0.000000
0.000000
0.000000
0.000000
0.000000
0.000000
0.000585
0.000501
0.000000
0.000844
0.000000
0.000000
0.000000
0.000000
0.000000
0.000606
0.000000
0.000000
0.000000
0.000000
0.000000
0.000000
0.000000
0.000000
0.000872
0.000000
0.000000
0.000000
0.000000
0.000000
0.000000
0.000591
0.000000
0.000530
0.000000
0.000000
0.000000
0.000000
0.000000
0.000000
0.000000
0.001184
0.000000
0.000000
0.000000
0.000000
0.000837
0.000459
0.000000
0.000000
0.000000
0.000792
0.000000
0.000485
0.000000
0.000501
0.000000
0.000000
0.001196
0.000000
0.000000
0.000000
0.000000
0.000000
0.000000
0.000000
0.000000
0.000000
0.001803
0.000528
0.000000
0.000000
0.000000
0.000000
0.000000
0.000000
0.000975
0.000000
0.000000
0.000000
0.000000
0.000000
0.000000
0.000000
0.000000
0.000000
0.000000
0.000000
0.000000
0.000000
0.000700
0.000752
0.000000
0.000481
0.000000
0.000696
0.000000
0.000000
0.000000
0.000000
0.000000
0.000000
0.000000
0.000000
0.000000
0.000000
0.000000
0.000000
0.000000
0.000000
0.000000
0.000000
0.000000
0.001035
0.000000
0.000000
0.000742
0.000690
0.000000
0.000000
0.000000
0.000000
0.000000
0.000000
0.000000
0.000000
0.000888
0.000000
0.000797
0.000610
0.000000
0.000000
0.000000
0.000662
0.000491
0.000815
0.000000
0.000699
0.000000
0.000000
0.000000
0.000638
0.000000
0.000000
0.000000
0.000000
0.000000
0.000000
0.000000
0.000000
0.001594
0.000000
0.000000
0.000986
0.000000
0.000000
0.000000
0.000000
0.000000
0.000000
0.000000
0.000000
0.000953
0.000000
0.000000
0.000000
0.001577
0.000000
0.000000
0.000770
0.000000
0.001517
0.000000
0.002526
0.001131
0.000000
0.000000
0.000000
0.000000
0.000000
0.000000
0.000000
0.000000
0.000000
0.000000
0.001037
0.000000
0.000000
0.000629
0.000000
0.000000
0.000000
0.000000
0.000000
0.000000
0.000000
0.000000
0.000969
0.000000
0.000772
0.000000
0.000000
0.000000
0.000000
0.000000
0.000584
0.001063
0.000000
0.000000
0.000000
0.000000
0.000809
0.000000
0.000564
0.000000
0.000000
0.000000
0.000850
0.000000
0.000000
0.000000
0.000000
0.000000
0.000000
0.000000
0.000000
0.000000
0.000000
0.000000
0.000000
0.000000
0.000000
0.000000
0.000000
0.000000
0.000000
0.000656
0.000000
0.000556
0.001148
0.000690
0.000000
0.000000
0.000000
0.000000
0.000000
0.000000
0.000000
0.000497
0.000740
0.000000
0.000819
0.001864
0.000628
0.000000
0.000000
0.003252
0.000742
0.000000
0.001085
0.000000
0.000000
0.000000
0.000000
0.000000
0.000623
0.000000
0.002374
0.000000
0.001102
0.000000
0.000969
0.000000
0.001249
0.000000
0.000000
0.000000
0.000000
0.000000
0.000000
0.000000
0.000000
0.000000
0.000000
0.000000
0.000000
0.000000
0.000000
0.000000
0.002201
0.000000
0.000903
0.001412
0.000000
0.000000
0.000000
0.000000
0.000000
0.000000
0.000698
0.001122
0.000000
0.000000
0.000000
0.000000
0.000000
0.000000
0.000000
0.000000
0.000000
0.000750
0.000000
0.000000
0.001815
0.000000
0.000881
0.000530
0.000000
0.000000
0.000000
0.000000
0.000000
0.001373
0.000000
0.000000
0.000000
0.001123
0.000520
0.000000
0.002263
0.000000
0.000000
0.000000
0.000595
0.000000
0.000558
0.000000
0.000000
0.000813
0.001220
0.000000
0.001395
0.000000
0.000000
0.000000
0.000000
0.001167
0.000952
0.000000
0.000000
0.000000
0.000000
0.000000
0.000000
0.000000
0.000000
0.000000
0.000000
0.000000
0.001292
0.000850
0.000000
0.000000
0.000000
0.000000
0.000000
0.000000
0.000000
0.000000
0.000000
0.000000
0.000644
0.000000
0.000000
0.000000
0.000615
0.000508
0.001784
0.000000
0.000000
0.002567
0.000000
0.000000
0.000000
0.000000
0.000000
0.002049
0.001145
0.000457
0.000000
0.000000
0.000000
0.000000
0.000000
0.000000
0.000874
0.000000
0.000000
0.000000
0.000901
0.002079
0.000000
0.000000
0.001106
0.001248
0.000747
0.000728
0.000000
0.000000
0.000000
0.000000
0.001161
0.000000
0.000000
0.000000
0.000000
0.000000
0.000608
0.000486
0.000863
0.000000
0.000000
0.000000
0.000000
0.000000
0.000490
0.000000
0.000999
0.000000
0.000000
0.000000
0.003785
0.000000
0.000498
0.000000
0.000000
0.000000
0.000952
0.000000
0.000000
0.000000
0.000000
0.000000
0.000000
0.000000
0.000000
0.000000
0.001052
0.000000
0.000962
0.000000
0.000000
0.000000
0.001887
0.000877
0.000000
0.000896
0.000000
0.000000
0.000000
0.000000
0.001283
0.000000
0.000000
0.000000
0.000000
0.000000
0.000000
0.000000
0.000000
0.000000
0.000000
0.000000
0.000000
0.001184
0.000000
0.000000
0.000000
0.000000
0.000605
0.000000
0.000000
0.000000
0.000468
0.000000
0.000584
0.000000
0.000000
0.000762
0.000000
0.000803
0.000581
0.001236
0.000870
0.000553
0.001491
0.000000
0.000000
0.000000
0.000000
0.000000
0.000000
0.000000
0.000000
0.000000
0.000000
0.000000
0.000000
0.001825
0.000000
0.000000
0.000000
0.000000
0.000909
0.000000
0.001753
0.000000
0.000000
0.000000
0.000881
0.000000
0.000000
0.000000
0.000000
0.000000
0.000000
0.000556
0.000000
0.000000
0.000000
0.000000
0.000000
0.000000
0.000000
0.000000
0.000000
0.000000
0.000000
0.000757
0.000000
0.000846
0.000000
0.000000
0.000000
0.000000
0.000770
0.000000
0.000000
0.060445
0.000000
0.001493
0.001061
0.000000
0.000000
0.000000
0.000000
0.000000
0.001017
0.000000
0.000000
0.000715
0.000000
0.001530
0.000000
0.001089
0.000000
0.000000
0.000000
0.000000
0.000000
0.000000
0.000461
0.000000
0.000000
0.000000
0.000000
0.000000
0.000518
0.000000
0.000000
0.000723
0.000000
0.000000
0.000000
0.000000
0.000000
0.000000
0.000000
0.000000
0.000000
0.000000
0.000000
0.000000
0.000000
0.000842
0.000000
0.000000
0.000000
0.000000
0.000000
0.000000
0.000000
0.000000
0.000000
0.000000
0.000000
0.000000
0.000000
0.000000
0.000000
0.000000
0.000530
0.000477
0.000000
0.000000
0.000000
0.000615
0.000648
0.001371
0.000000
0.000000
0.001147
0.000000
0.000801
0.001052
0.000000
0.001156
0.000000
0.000000
0.000000
0.000000
0.000000
0.000870
0.000000
0.000000
0.000000
0.000000
0.000000
0.000000
0.000000
0.000000
0.000954
0.000000
0.000000
0.000000
0.000000
0.000000
0.000644
0.001378
0.000519
0.000934
0.000000
0.000996
0.000000
0.000000
0.001861
0.000000
0.000000
0.001853
0.000000
0.000893
0.000000
0.000000
0.000000
0.000000
0.000000
0.000554
0.001354
0.000000
0.000000
0.000000
0.000665
0.000000
0.001387
0.000000
0.001087
0.000000
0.000000
0.000000
0.000000
0.000000
0.000000
0.000000
0.000000
0.000000
0.000712
0.000000
0.000000
0.000512
0.000000
0.000000
0.000000
0.000000
0.000000
0.000000
0.000920
0.000000
0.001338
0.000000
0.000000
0.000000
0.000805
0.000501
0.000000
0.000000
0.000894
0.000471
0.001150
0.000000
0.001699
0.000000
0.000000
0.000000
0.000000
0.000000
0.000000
0.000821
0.000000
0.000000
0.000000
0.000000
0.000487
0.001201
0.000000
0.000000
0.000000
0.000000
0.000000
0.000479
0.000956
0.001122
0.000000
0.000000
0.000000
0.000000
0.001163
0.000567
0.001749
0.000000
0.001331
0.000000
0.000000
0.000000
0.000000
0.000000
0.001055
0.000000
0.000000
0.001363
0.000000
0.000000
0.000000
0.000000
0.000000
0.000000
0.000932
0.000000
0.000544
0.000458
0.000000
0.000000
0.000000
0.000000
0.001192
0.003626
0.000986
0.000000
0.000000
0.000000
0.000000
0.000546
0.000602
0.000000
0.000000
0.000951
0.000000
0.000000
0.000000
0.000605
0.000000
0.000000
0.000000
0.000000
0.000000
0.000000
0.000000
0.000000
0.000000
0.000000
0.000729
0.000000
0.000000
0.000000
0.000000
0.000000
0.000000
0.000000
0.000000
0.001235
0.000771
0.000000
0.000478
0.000000
0.000000
0.000000
0.001322
0.001189
0.000000
0.000000
0.000000
0.000000
0.000000
0.000000
0.000000
0.000000
0.000563
0.000000
0.000000
0.000000
0.001081
0.000000
0.000493
0.001259
0.001431
0.000000
0.000484
0.000000
0.000000
0.000000
0.000000
0.000000
0.000000
0.000000
0.000543
0.000000
0.000000
0.000000
0.000000
0.000000
0.000000
0.000000
0.000000
0.000000
0.000890
0.000740
0.000000
0.002009
0.000946
0.000545
0.000000
0.001087
0.000000
0.000000
0.001635
0.000000
0.001542
0.000000
0.000928
0.000000
0.001508
0.000000
0.000000
0.000683
0.000000
0.000000
0.000000
0.001321
0.000000
0.000000
0.000000
0.000000
0.000000
0.000467
0.000000
0.000000
0.000000
0.000723
0.000000
0.000000
0.000000
0.001071
0.000469
0.001535
0.000000
0.000000
0.000000
0.000767
0.000000
0.000491
0.000546
0.000000
0.000000
0.001893
0.000000
0.000000
0.000000
0.000000
0.000000
0.000000
0.000000
0.000000
0.000000
0.000000
0.000000
0.000000
0.000000
0.000000
0.000000
0.000000
0.000000
0.000000
0.000000
0.000000
0.000000
0.000000
0.000000
0.000000
0.000811
0.000000
0.000672
0.000000
0.000000
0.000000
0.000000
0.000000
0.001161
0.000000
0.000000
0.000000
0.000000
0.001389
0.000000
0.000000
0.000000
0.000000
0.000000
0.000000
0.000000
0.000504
0.000000
0.000000
0.000000
0.000000
0.000000
0.000000
0.000000
0.000000
0.000000
0.000000
0.000000
0.000839
0.000000
0.000000
0.000798
0.000000
0.001851
0.001233
0.000000
0.000000
0.001552
0.000609
0.000462
0.000000
0.000000
0.000000
0.000668
0.000000
0.000000
0.000000
0.000903
0.000740
0.001470
0.000000
0.000000
0.000000
0.000000
0.000000
0.000000
0.000000
0.000000
0.000000
0.000803
0.000000
0.000000
0.000000
0.000000
0.000643
0.000000
0.000000
0.000000
0.000855
0.000864
0.000000
0.001050
0.000000
0.000000
0.000000
0.000000
0.000000
0.000517
0.001126
0.000000
0.000000
0.001362
0.000000
0.000000
0.000000
0.000000
0.000000
0.000568
0.000000
0.000000
0.000000
0.001237
0.000685
0.000000
0.000554
0.000000
0.000686
0.000692
0.000000
0.000555
0.000486
0.000000
0.000000
0.000000
0.001156
0.000000
0.000832
0.000000
0.000000
0.000744
0.000608
0.000000
0.001504
0.000000
0.000000
0.000000
0.000000
0.000000
0.000874
0.000992
0.000000
0.001430
0.000000
0.000816
0.000000
0.000000
0.000000
0.000952
0.000000
0.000830
0.000529
0.000000
0.000000
0.000000
0.000000
0.000000
0.000000
0.000542
0.000588
0.000000
0.000000
0.000000
0.000864
0.001151
0.001187
0.000000
0.000580
0.000000
0.000489
0.000000
0.000000
0.000000
0.000000
0.000000
0.001359
0.000000
0.000000
0.000000
0.000000
0.000000
0.000000
0.000000
0.000000
0.000000
0.000000
0.000000
0.001478
0.000000
0.001047
0.000000
0.000000
0.000000
0.001115
0.001086
0.000000
0.000000
0.000839
0.000000
0.000000
0.000000
0.000463
0.000000
0.001188
0.000000
0.000819
0.000000
0.000000
0.000000
0.000000
0.001123
0.000000
0.001148
0.000000
0.000000
0.000000
0.001275
0.000000
0.000886
0.000000
0.000797
0.000631
0.000000
0.000000
0.000000
0.000577
0.000000
0.000000
0.000000
0.000000
0.000666
0.000000
0.000000
0.000000
0.000000
0.000000
0.000000
0.000000
0.000000
0.000000
0.000000
0.000000
0.000672
0.000906
0.000000
0.000000
0.000000
0.000000
0.000000
0.000000
0.000000
0.000000
0.000000
0.000000
0.000649
0.000000
0.000000
0.002152
0.000000
0.001183
0.000000
0.000835
0.000000
0.000000
0.000000
0.000000
0.000000
0.000000
0.000000
0.000533
0.000000
0.000000
0.000000
0.000000
0.000000
0.000829
0.000000
0.000000
0.001536
0.000000
0.000000
0.000000
0.000000
0.000000
0.000000
0.000000
0.000000
0.000000
0.000000
0.000000
0.000562
0.000000
0.000641
0.000000
0.000000
0.000000
0.000000
0.000000
0.000000
0.000000
0.001263
0.000596
0.000000
0.000787
0.000911
0.000000
0.000000
0.000000
0.000000
0.000000
0.000000
0.000000
0.000000
0.000000
0.000000
0.000000
0.000000
0.000744
0.000000
0.000000
0.000000
0.000000
0.000000
0.000000
0.000000
0.000000
0.000000
0.000000
0.000000
0.000000
0.000000
0.000000
0.000000
0.000000
0.000000
0.000000
0.000000
0.001625
0.000000
0.000803
0.000000
0.000752
0.000933
0.000803
0.000532
0.000588
0.000000
0.000000
0.000000
0.000000
0.000000
0.000000
0.000000
0.000904
0.000000
0.000000
0.000000
0.000000
0.000000
0.000862
0.000000
0.001087
0.000000
0.000000
0.000000
0.000000
0.000000
0.000685
0.000000
0.000000
0.000745
0.000575
0.000000
0.000000
0.000000
0.000000
0.000000
0.000000
0.000000
0.000000
0.000459
0.000000
0.000641
0.000000
0.000000
0.000000
0.000635
0.001243
0.001203
0.000000
0.000000
0.000000
0.000000
0.000000
0.000458
0.000000
0.000807
0.000000
0.000000
0.000000
0.000000
0.000000
0.000726
0.001258
0.000000
0.000000
0.000000
0.000000
0.000000
0.000000
0.000000
0.000000
0.000000
0.000000
0.000000
0.000000
0.000591
0.000000
0.000000
0.000000
0.000000
0.000000
0.000000
0.000000
0.000000
0.001535
0.001490
0.000000
0.000000
0.000820
0.000000
0.000000
0.000000
0.000000
0.000545
0.000000
0.001118
0.000000
0.000000
0.001454
0.000000
0.000000
0.000000
0.000000
0.000520
0.000000
0.000454
0.000671
0.000000
0.000000
0.000000
0.000000
0.000831
0.000000
0.000000
0.000000
0.000000
0.000000
0.000975
0.000000
0.000585
0.000000
0.000000
0.000000
0.000000
0.000000
0.000000
0.000000
0.000000
0.000000
0.000000
0.000000
0.000000
0.000000
0.000000
0.000000
0.000000
0.000000
0.000000
0.000560
0.000000
0.000000
0.000520
0.000000
0.000000
0.000000
0.000000
0.002040
0.000000
0.000000
0.000000
0.000510
0.000000
0.000975
0.000000
0.000680
0.000000
0.000000
0.000000
0.000000
0.000000
0.000000
0.000000
0.000000
0.000000
0.000500
0.000000
0.000000
0.001066
0.000000
0.000504
0.000909
0.000599
0.000000
0.000000
0.000000
0.000000
0.000000
0.000607
0.000699
0.000000
0.000653
0.000000
0.000000
0.000000
0.000000
0.000000
0.000000
0.000000
0.000000
0.000000
0.000000
0.000000
0.000000
0.000000
0.000000
0.000000
0.000734
0.000000
0.000000
0.000000
0.000000
0.000000
0.000781
0.000000
0.000000
0.000000
0.000000
0.000000
0.000000
0.001016
0.001984
0.000607
0.000000
0.000000
0.000000
0.000000
0.000000
0.000000
0.000000
0.000000
0.000748
0.000000
0.000000
0.000000
0.000000
0.000000
0.000000
0.000828
0.000000
0.000000
0.000000
0.000000
0.000000
0.000792
0.000000
0.000000
0.000824
0.000000
0.000000
0.000000
0.000000
0.000000
0.000000
0.000508
0.000534
0.000000
0.000000
0.000000
0.000000
0.000535
0.000000
0.000000
0.000000
0.000000
0.000000
0.000765
0.000000
0.000000
0.000692
0.000000
0.000000
0.000000
0.000000
0.000000
0.001084
0.000000
0.000744
0.000587
0.000000
0.000000
0.000000
0.000516
0.000000
0.000000
0.000000
0.000000
0.000000
0.000847
0.000000
0.000840
0.000000
0.000000
0.000707
0.000739
0.000000
0.000000
0.000000
0.000000
0.000000
0.000000
0.001737
0.000658
0.000000
0.000786
0.000000
0.000000
0.000000
0.000766
0.000000
0.001319
0.000530
0.000714
0.000000
0.000516
0.000000
0.000000
0.000000
0.000000
0.000000
0.000000
0.000000
0.001179
0.000000
0.000661
0.000000
0.000000
0.000000
0.000000
0.000000
0.000000
0.000539
0.000000
0.000000
0.000000
0.000000
0.000000
0.001048
0.000000
0.000513
0.000710
0.000721
0.000900
0.000000
0.000000
0.001164
0.000000
0.000000
0.000000
0.000000
0.000000
0.000000
0.000000
0.000000
0.000000
0.002121
0.000000
0.000721
0.000000
0.000000
0.000000
0.000000
0.001222
0.000000
0.000000
0.000000
0.000000
0.000803
0.000000
0.000000
0.000967
0.000000
0.000000
0.000000
0.001071
0.000855
0.000000
0.000000
0.000000
0.000000
0.000000
0.000750
0.000000
0.000593
0.000000
0.001028
0.000000
0.001266
0.000000
0.000000
0.000000
0.000000
0.000670
0.000000
0.000954
0.000000
0.000000
0.000686
0.000000
0.000000
0.000000
0.000000
0.000000
0.000000
0.000000
0.000000
0.000000
0.000000
0.000000
0.000000
0.000000
0.000000
0.001032
0.000480
0.000773
0.000000
0.000000
0.000000
0.000000
0.000000
0.000000
0.000000
0.000000
0.000000
0.000000
0.000000
0.000000
0.000000
0.000000
0.000000
0.000000
0.000000
0.000000
0.000000
0.000000
0.000000
0.000790
0.000000
0.000000
0.000000
0.000000
0.000000
0.000000
0.000000
0.000000
0.000833
0.000000
0.000000
0.000000
0.000552
0.000908
0.001105
0.000000
0.000000
0.000000
0.000000
0.000000
0.000000
0.000000
0.000488
0.000000
0.000657
0.000000
0.000000
0.000000
0.000654
0.000000
0.000000
0.000000
0.000000
0.000000
0.000000
0.001920
0.000000
0.000547
0.000000
0.000000
0.000927
0.000557
0.000000
0.000000
0.000000
0.000000
0.000948
0.001179
0.000526
0.000000
0.000000
0.000000
0.000000
0.000000
0.000000
0.001028
0.000000
0.000716
0.000000
0.000000
0.000000
0.000000
0.000781
0.000000
0.000568
0.000000
0.000000
0.000000
0.000000
0.000000
0.000658
0.000000
0.000843
0.000000
0.000000
0.000000
0.000000
0.000000
0.000000
0.000000
0.000000
0.000000
0.000000
0.000000
0.000000
0.000783
0.000000
0.000650
0.000000
0.000000
0.000783
0.000616
0.001229
0.000477
0.000000
0.000000
0.000000
0.000000
0.000000
0.000481
0.000000
0.000000
0.000000
0.000000
0.002170
0.000000
0.000000
0.000000
0.000000
0.000000
0.000000
0.000000
0.001869
0.000000
0.000000
0.000000
0.000000
0.000000
0.000000
0.000000
0.000000
0.000000
0.000000
0.000000
0.000000
0.000964
0.001559
0.000661
0.000000
0.000000
0.000713
0.000000
0.000588
0.000000
0.000000
0.000000
0.000000
0.000000
0.000000
0.000000
0.000000
0.000000
0.000000
0.000000
0.000487
0.000887
0.000000
0.000556
0.000000
0.000000
0.000000
0.000000
0.000000
0.000987
0.001489
0.000000
0.000000
0.000000
0.000000
0.000000
0.000000
0.000000
0.000000
0.000000
0.001048
0.000000
0.000000
0.000000
0.000949
0.000000
0.000000
0.001061
0.000000
0.000000
0.000000
0.000000
0.000000
0.000000
0.000000
0.000000
0.000000
0.000000
0.000000
0.000000
0.000000
0.000000
0.001274
0.000000
0.000000
0.000000
0.000000
0.000569
0.001026
0.000000
0.000516
0.000000
0.001243
0.000000
0.000000
0.000672
0.000000
0.000000
0.000000
0.000000
0.000000
0.000000
0.000000
0.000455
0.000000
0.000000
0.000000
0.000000
0.000000
0.001259
0.000000
0.000000
0.000000
0.000820
0.000000
0.000000
0.000000
0.000000
0.000000
0.000000
0.000000
0.000961
0.000000
0.000000
0.000000
0.000000
0.000000
0.000000
0.000000
0.000000
0.001499
0.000000
0.000000
0.000000
0.000000
0.000000
0.000000
0.000000
0.000000
0.000000
0.000000
0.000000
0.000000
0.000000
0.000000
0.001006
0.000523
0.000000
0.000987
0.000599
0.000000
0.000000
0.000660
0.002920
0.000000
0.000648
0.001295
0.000000
0.000000
0.000000
0.000000
0.000000
0.000000
0.000481
0.000000
0.000000
0.000000
0.000000
0.000000
0.000000
0.000000
0.000000
0.000000
0.000000
0.000514
0.001380
0.001041
0.000000
0.001338
0.000000
0.000000
0.000000
0.000484
0.000000
0.000000
0.000000
0.000761
0.000000
0.000000
0.000000
0.000000
0.000000
0.000000
0.000000
0.000000
0.000000
0.000000
0.000000
0.001161
0.000000
0.000000
0.000880
0.000000
0.000000
0.000000
0.000916
0.000585
0.000000
0.000000
0.000000
0.001407
0.000000
0.000000
0.000000
0.000000
0.000982
0.000000
0.000000
0.000616
0.000000
0.000000
0.000000
0.000584
0.000000
0.000608
0.000000
0.000000
0.000000
0.000000
0.000000
0.000000
0.000000
0.000000
0.000000
0.000000
0.000000
0.000000
0.000586
0.000000
0.000000
0.000000
0.000000
0.000000
0.001676
0.000000
0.000000
0.000501
0.000000
0.000000
0.000000
0.001551
0.000000
0.000000
0.001218
0.000000
0.000000
0.000732
0.000610
0.000000
0.000000
0.000000
0.000000
0.000987
0.001045
0.000000
0.000000
0.000000
0.000000
0.000000
0.000000
0.000000
0.000000
0.000000
0.000000
0.000749
0.000000
0.000000
0.000000
0.000000
0.000000
0.000000
0.000000
0.001141
0.000000
0.000473
0.000000
0.001174
0.000000
0.000000
0.000000
0.001756
0.001513
0.000679
0.000000
0.000000
0.001625
0.000000
0.000000
0.001491
0.000647
0.000000
0.000000
0.000000
0.000000
0.000000
0.000000
0.000717
0.000000
0.000000
0.000000
0.000000
0.000000
0.001330
0.000000
0.001553
0.000693
0.000000
0.000000
0.001001
0.000000
0.000000
0.000000
0.000000
0.000000
0.000000
0.000000
0.000000
0.000000
0.000000
0.000000
0.000000
0.000000
0.000000
0.000000
0.000000
0.002601
0.000000
0.000000
0.000000
0.000744
0.000000
0.000000
0.001339
0.000000
0.000000
0.000499
0.000000
0.000497
0.000654
0.001176
0.000000
0.000000
0.001049
0.000000
0.000000
0.000000
0.000000
0.000000
0.000000
0.000000
0.000000
0.000540
0.000000
0.000000
0.000000
0.000000
0.000000
0.000000
0.000000
0.001253
0.000000
0.000000
0.000923
0.000000
0.000000
0.001378
0.000726
0.000000
0.000000
0.000000
0.000000
0.000000
0.000000
0.000456
0.000000
0.001852
0.000000
0.000000
0.000000
0.000000
0.000000
0.000000
0.000645
0.000000
0.000000
0.000000
0.000000
0.000657
0.000666
0.000000
0.000000
0.000000
0.000000
0.001213
0.001567
0.000000
0.000693
0.000000
0.000000
0.001379
0.000000
0.000000
0.000000
0.000000
0.000629
0.000000
0.000000
0.000000
0.000000
0.000000
0.000000
0.000838
0.000605
0.000000
0.000000
0.000000
0.000000
0.000806
0.000000
0.000000
0.000000
0.000628
0.000696
0.001163
0.000000
0.000000
0.000000
0.001040
0.001435
0.000000
0.000000
0.000000
0.000000
0.000000
0.000567
0.000000
0.000598
0.000000
0.000000
0.000000
0.000833
0.000000
0.001742
0.000000
0.000000
0.000000
0.000000
0.000000
0.000000
0.000000
0.000000
0.000877
0.000000
0.000000
0.000000
0.000000
0.000000
0.000000
0.000000
0.001552
0.000000
0.000000
0.000000
0.000000
0.000000
0.000000
0.000460
0.000780
0.000000
0.000837
0.000000
0.000000
0.000000
0.000000
0.000925
0.000000
0.000000
0.000000
0.000000
0.000000
0.000000
0.000000
0.000000
0.000000
0.000000
0.000000
0.000596
0.000000
0.000000
0.000000
0.000000
0.000000
0.000000
0.000000
0.000000
0.000672
0.000000
0.000000
0.000000
0.000000
0.000000
0.000000
0.000000
0.000480
0.000850
0.000000
0.000000
0.000000
0.000000
0.000976
0.000000
0.000000
0.000000
0.000000
0.000767
0.000000
0.000000
0.000000
0.000000
0.000000
0.000000
0.000000
0.000658
0.000000
0.000000
0.000000
0.000000
0.000000
0.000000
0.000000
0.000753
0.000000
0.000000
0.000606
0.000000
0.000000
0.000000
0.000000
0.001741
0.000000
0.000000
0.000000
0.000909
0.000000
0.000000
0.001112
0.000000
0.000000
0.000000
0.000000
0.000000
0.000000
0.000752
0.000726
0.000898
0.000000
0.000000
0.000000
0.000887
0.000000
0.000000
0.000000
0.000000
0.000586
0.000000
0.000000
0.000000
0.000000
0.000000
0.000000
0.001143
0.000000
0.000000
0.000000
0.000458
0.000000
0.001813
0.000000
0.000000
0.000000
0.000000
0.000000
0.000000
0.000000
0.000000
0.000972
0.000000
0.000000
0.000000
0.000000
0.000000
0.000000
0.000000
0.000000
0.000000
0.001232
0.000000
0.000000
0.000000
0.000000
0.000826
0.000000
0.001135
0.000687
0.000000
0.000680
0.000000
0.000000
0.000000
0.000000
0.000000
0.000000
0.000583
0.000000
0.000000
0.000000
0.000000
0.000000
0.000000
0.000000
0.000000
0.000546
0.000000
0.000553
0.000952
0.000000
0.000000
0.000000
0.000841
0.001058
0.000868
0.000000
0.000000
0.000000
0.000000
0.000000
0.000931
0.000659
0.000000
0.000000
0.000000
0.000000
0.000000
0.000527
0.000809
0.000000
0.001070
0.000000
0.000000
0.000000
0.000000
0.000000
0.000000
0.000000
0.000954
0.000000
0.001566
0.000000
0.000509
0.000000
0.000542
0.000000
0.000000
0.000705
0.001200
0.000000
0.000604
0.000000
0.000000
0.000000
0.000000
0.000000
0.000000
0.001262
0.000717
0.000861
0.000603
0.000000
0.001049
0.000619
0.000529
0.000000
0.000000
0.001441
0.000972
0.000000
0.000000
0.000000
0.000963
0.000000
0.000000
0.000000
0.000000
0.000000
0.000000
0.000000
0.000655
0.001626
0.000000
0.000000
0.000598
0.000000
0.000000
0.000000
0.000000
0.000000
0.000000
0.000943
0.000000
0.000000
0.001229
0.000000
0.000000
0.000000
0.000000
0.000000
0.000587
0.000000
0.000000
0.001035
0.000000
0.000000
0.000000
0.000000
0.001382
0.000000
0.000000
0.000000
0.000000
0.000000
0.000000
0.000959
0.000000
0.000000
0.001046
0.001117
0.000000
0.000501
0.000000
0.001351
0.000000
0.000000
0.000530
0.000956
0.000000
0.000000
0.000000
0.000000
0.000000
0.000919
0.000000
0.000000
0.000000
0.000000
0.000000
0.000000
0.000000
0.001787
0.000000
0.000000
0.000000
0.000000
0.000000
0.000000
0.000000
0.000000
0.000000
0.000000
0.000000
0.000000
0.000000
0.000000
0.000000
0.000000
0.001483
0.000627
0.000000
0.000000
0.000000
0.000000
0.000000
0.000000
0.000000
0.000000
0.000000
0.001067
0.001624
0.000585
0.001787
0.000000
0.001011
0.000000
0.000000
0.000000
0.000000
0.000000
0.000000
0.001385
0.000000
0.000000
0.000000
0.000000
0.000000
0.000000
0.000000
0.000579
0.000000
0.000000
0.000000
0.001022
0.000521
0.001045
0.000000
0.000000
0.000697
0.000720
0.000568
0.000000
0.001130
0.000000
0.000000
0.000000
0.001466
0.000000
0.000000
0.000000
0.000000
0.000000
0.001177
0.000000
0.000000
0.000000
0.000000
0.000000
0.000000
0.000468
0.000526
0.000000
0.001072
0.000000
0.000000
0.000000
0.000000
0.000935
0.000000
0.000000
0.000000
0.000000
0.000000
0.000000
0.000000
0.000000
0.000000
0.000724
0.001109
0.000000
0.000000
0.000920
0.000000
0.000000
0.000943
0.000000
0.000000
0.000000
0.000000
0.000694
0.000000
0.000000
0.000000
0.000000
0.000000
0.001460
0.001377
0.000000
0.000658
0.000000
0.002130
0.000000
0.000000
0.000000
0.000000
0.000000
0.000000
0.000000
0.000000
0.000704
0.000000
0.000734
0.000000
0.000000
0.001005
0.000851
0.000000
0.000000
0.000000
0.000000
0.000000
0.000000
0.000000
0.000000
0.000000
0.001880
0.000000
0.000000
0.000000
0.000000
0.000000
0.000000
0.000000
0.000000
0.000988
0.000564
0.000000
0.000000
0.000000
0.000000
0.001026
0.001068
0.000000
0.000000
0.000000
0.001596
0.000656
0.000000
0.000536
0.000000
0.000000
0.000000
0.000000
0.000521
0.000000
0.000000
0.000000
0.000000
0.000517
0.000000
0.001195
0.000000
0.000000
0.001093
0.000000
0.000000
0.000000
0.000000
0.000000
0.000000
0.000000
0.000000
0.000000
0.000600
0.000743
0.000000
0.000949
0.000000
0.000000
0.000597
0.000000
0.000000
0.000000
0.000000
0.000000
0.000000
0.000000
0.000000
0.000000
0.000000
0.000511
0.000000
0.000000
0.000000
0.000000
0.000000
0.000717
0.000000
0.000000
0.000722
0.000000
0.001281
0.001144
0.000000
0.000000
0.000000
0.000000
0.000000
0.000634
0.000000
0.000000
0.000000
0.000750
0.000889
0.000000
0.000000
0.000000
0.000895
0.000000
0.000000
0.000000
0.000686
0.000000
0.000000
0.001526
0.000913
0.000000
0.000000
0.000000
0.000000
0.000000
0.000000
0.000000
0.000000
0.001133
0.000796
0.000000
0.000000
0.001236
0.000000
0.000000
0.000491
0.000000
0.000000
0.000000
0.000000
0.000000
0.000000
0.000000
0.000000
0.000000
0.000812
0.000000
0.000504
0.000000
0.000702
0.001256
0.000000
0.001234
0.000000
0.000535
0.001072
0.000000
0.000000
0.000000
0.000000
0.000000
0.000000
0.000000
0.000000
0.000000
0.000000
0.000000
0.000000
0.000456
0.000000
0.000650
0.000987
0.000000
0.000000
0.000000
0.000000
0.000000
0.000000
0.000000
0.000000
0.000000
0.000000
0.000000
0.000549
0.000000
0.000489
0.000000
0.000000
0.000000
0.000000
0.000000
0.000000
0.000000
0.000000
0.000826
0.000000
0.001733
0.000000
0.000868
0.000000
0.000525
0.000000
0.000000
0.000854
0.000000
0.001034
0.000000
0.000000
0.000000
0.000000
0.000000
0.000000
0.001141
0.000864
0.001111
0.000000
0.000000
0.000000
0.000000
0.000000
0.000000
0.000000
0.000000
0.000000
0.000000
0.000000
0.000943
0.000785
0.000000
0.000000
0.000000
0.000000
0.000679
0.000000
0.000000
0.000000
0.000887
0.000000
0.000000
0.000000
0.000000
0.001610
0.000524
0.000000
0.000804
0.000000
0.000000
0.000711
0.000000
0.000000
0.000000
0.000000
0.000000
0.000000
0.000000
0.001435
0.000733
0.000718
0.000000
0.000000
0.000482
0.000964
0.000659
0.000767
0.000000
0.000000
0.000000
0.000000
0.000513
0.000000
0.000650
0.000888
0.000000
0.000000
0.000570
0.000000
0.000000
0.000000
0.000000
0.000000
0.000000
0.000740
0.000000
0.000000
0.000000
0.000948
0.000000
0.001561
0.000000
0.000000
0.000000
0.000754
0.001082
0.000000
0.000000
0.001825
0.000000
0.001393
0.000000
0.000000
0.000000
0.000000
0.000000
0.000000
0.000000
0.000464
0.000000
0.000000
0.000000
0.000000
0.000000
0.000000
0.001915
0.000000
0.000000
0.000000
0.000000
0.000706
0.000000
0.000000
0.000000
0.000507
0.000805
0.000000
0.000000
0.000000
0.000000
0.000000
0.000000
0.000000
0.000000
0.000000
0.000000
0.000507
0.000000
0.000610
0.000000
0.000000
0.000000
0.000000
0.000000
0.000000
0.000495
0.000000
0.000000
0.001683
0.000000
0.000752
0.000000
0.000000
0.000000
0.000000
0.000898
0.000000
0.000000
0.000000
0.000470
0.000000
0.000000
0.000675
0.001141
0.000000
0.000000
0.000000
0.000000
0.000000
0.000000
0.000000
0.000000
0.000504
0.000000
0.000000
0.000000
0.001679
0.000000
0.000000
0.000000
0.000000
0.000000
0.000712
0.000000
0.000653
0.000772
0.000000
0.000000
0.000000
0.000959
0.000000
0.000000
0.000494
0.000000
0.001019
0.001369
0.000000
0.000000
0.000457
0.000502
0.000000
0.000989
0.000492
0.000000
0.000000
0.000000
0.000466
0.000000
0.000000
0.000000
0.000000
0.000000
0.000000
0.000000
0.000000
0.000000
0.000000
0.000640
0.001674
0.000000
0.000000
0.000851
0.000000
0.000000
0.000000
0.000000
0.001818
0.000000
0.000000
0.000000
0.000000
0.000000
0.000864
0.000460
0.000783
0.000000
0.000553
0.000000
0.000000
0.000973
0.000000
0.000000
0.000000
0.000591
0.000847
0.000000
0.000000
0.000000
0.000000
0.000000
0.000728
0.000000
0.000000
0.000000
0.000000
0.000000
0.000000
0.001243
0.000000
0.000000
0.000000
0.000000
0.000000
0.000000
0.000791
0.000000
0.000000
0.000000
0.000000
0.000000
0.000723
0.000000
0.000000
0.000000
0.000909
0.000000
0.000000
0.000000
0.000000
0.000000
0.000000
0.000000
0.000000
0.000000
0.000000
0.000832
0.000000
0.000000
0.000000
0.000000
0.000000
0.001072
0.000456
0.000000
0.000000
0.000536
0.000000
0.000000
0.000000
0.000627
0.000718
0.000000
0.000000
0.000568
0.000000
0.001177
0.000000
0.000000
0.000000
0.000000
0.000000
0.000000
0.000932
0.000000
0.000000
0.000000
0.000000
0.000000
0.001031
0.000537
0.000000
0.001006
0.000000
0.000658
0.001233
0.001363
0.000000
0.000709
0.000000
0.000000
0.000000
0.000000
0.000000
0.000000
0.000000
0.000579
0.000000
0.000671
0.000000
0.000000
0.000000
0.001303
0.000000
0.000000
0.000000
0.000000
0.000000
0.000736
0.000000
0.000000
0.000000
0.000000
0.000000
0.000000
0.000000
0.000000
0.000000
0.000000
0.000000
0.000000
0.000000
0.000893
0.000000
0.000000
0.000000
0.000000
0.000000
0.000000
0.000000
0.000000
0.000609
0.000000
0.000000
0.000000
0.000631
0.000000
0.000000
0.000000
0.000000
0.000832
0.000000
0.000000
0.000000
0.001884
0.000000
0.000000
0.000000
0.000000
0.000000
0.000000
0.000000
0.000000
0.000000
0.000000
0.000000
0.000554
0.000000
0.000558
0.000000
0.000000
0.000000
0.000000
0.001100
0.000000
0.000000
0.000000
0.002298
0.000000
0.000876
0.000000
0.000820
0.000533
0.000000
0.000000
0.000000
0.000000
0.000000
0.000000
0.000000
0.000000
0.000675
0.000000
0.000000
0.001361
0.000000
0.000581
0.000000
0.000000
0.000000
0.000000
0.000795
0.000000
0.000000
0.000000
0.000000
0.000526
0.000000
0.000000
0.000000
0.000000
0.000000
0.000000
0.001329
0.000893
0.001041
0.000792
0.000000
0.000000
0.000000
0.000000
0.000000
0.000000
0.001098
0.000745
0.000500
0.000000
0.000000
0.000000
0.000000
0.000638
0.000000
0.000686
0.001112
0.000000
0.000000
0.001882
0.000000
0.000492
0.000874
0.000608
0.000577
0.000000
0.001025
0.000000
0.001104
0.000000
0.000000
0.000000
0.000000
0.000606
0.000000
0.000000
0.000000
0.000000
0.001358
0.000000
0.000000
0.000000
0.000000
0.000893
0.000000
0.000000
0.000000
0.000000
0.000718
0.000000
0.000000
0.000000
0.000000
0.000000
0.000000
0.000506
0.000000
0.000734
0.000000
0.000000
0.000000
0.000000
0.000000
0.000958
0.000000
0.001230
0.000000
0.000000
0.000000
0.000000
0.000000
0.001373
0.000000
0.000469
0.000000
0.000000
0.000000
0.000000
0.000000
0.000000
0.000000
0.000000
0.000748
0.000000
0.000000
0.000000
0.000000
0.000000
0.000831
0.000000
0.000000
0.000000
0.000000
0.000000
0.000000
0.000505
0.000000
0.000000
0.000000
0.000000
0.000606
0.000567
0.000000
0.000000
0.000000
0.000000
0.001044
0.000000
0.000000
0.000000
0.000000
0.000000
0.000881
0.000000
0.000000
0.000000
0.000000
0.000000
0.000000
0.000000
0.000000
0.000000
0.000000
0.000000
0.000000
0.000000
0.000000
0.000000
0.000000
0.001829
0.000000
0.000000
0.000000
0.000614
0.000000
0.000461
0.001517
0.000000
0.000000
0.000000
0.000000
0.000000
0.000000
0.000000
0.000689
0.000000
0.000000
0.000000
0.000000
0.000596
0.001004
0.000675
0.000000
0.001107
0.000000
0.000000
0.000000
0.000000
0.000000
0.000000
0.000864
0.000000
0.000884
0.000000
0.000000
0.000000
0.000454
0.000841
0.000000
0.000000
0.000000
0.000000
0.000000
0.000702
0.000000
0.000512
0.000700
0.001067
0.001154
0.000000
0.000465
0.000000
0.001697
0.000000
0.000000
0.000558
0.000000
0.000000
0.000000
0.000811
0.000000
0.000000
0.000000
0.000000
0.000000
0.000617
0.000000
0.000000
0.000000
0.000000
0.000538
0.000000
0.001043
0.000621
0.000000
0.000000
0.000000
0.000000
0.000000
0.000000
0.001039
0.000000
0.000466
0.000950
0.000000
0.000000
0.000000
0.000000
0.001382
