0.001422
0.000000
0.000000
0.000000
0.000000
0.000000
0.000000
0.000000
0.000000
0.000000
0.000000
0.000000
0.000000
0.001834
0.000000
0.000000
0.000000
0.000000
0.001666
0.001546
0.000000
0.004547
0.000000
0.000000
0.000000
0.001594
0.001804
0.000000
0.000000
0.001330
0.003793
0.000000
0.000000
0.000000
0.000000
0.000000
0.000000
0.000000
0.000000
0.000000
0.000000
0.000000
0.000000
0.000000
0.001139
0.000000
0.000000
0.000000
0.000000
0.000000
0.000000
0.000000
0.000000
0.000000
0.000000
0.001940
0.001740
0.001271
0.000000
0.000000
0.000000
0.000000
0.000000
0.000000
0.000000
0.000000
0.000000
0.002085
0.001668
0.000000
0.000000
0.000000
0.002125
0.000000
0.002067
0.000000
0.000000
0.000000
0.001731
0.000000
0.000000
0.000000
0.000000
0.000000
0.000000
0.000000
0.001765
0.000000
0.002196
0.000000
0.000000
0.000000
0.000000
0.000000
0.000000
0.000000
0.001465
0.000000
0.000000
0.000000
0.002556
0.000000
0.000000
0.000000
0.000000
0.000000
0.000000
0.000000
0.000000
0.000000
0.000000
0.000000
0.000000
0.000000
0.000000
0.001373
0.000000
0.000000
0.000000
0.000000
0.000000
0.000000
0.000000
0.000000
0.001514
0.000000
0.000000
0.000000
0.000000
0.000000
0.000000
0.000000
0.000000
0.000000
0.000000
0.000000
0.000000
0.001281
0.000000
0.000000
0.000000
0.000000
0.000000
0.000000
0.000000
0.000000
0.000000
0.000000
0.000000
0.000000
0.000000
0.000000
0.000000
0.000000
0.000000
0.000000
0.001699
0.000000
0.000000
0.000000
0.000000
0.000000
0.000000
0.000000
0.000000
0.000000
0.000000
0.000000
0.000000
0.000000
0.000000
0.000000
0.000000
0.002079
0.000000
0.000000
0.000000
0.000000
0.000000
0.000000
0.000000
0.000000
0.000000
0.001782
0.000000
0.000000
0.000000
0.000000
0.000000
0.000000
0.003066
0.000000
0.000000
0.000000
0.000000
0.000000
0.000000
0.002195
0.000000
0.000000
0.000000
0.000000
0.000000
0.000000
0.000000
0.000000
0.000000
0.000000
0.000000
0.001393
0.000000
0.000000
0.000000
0.000000
0.000000
0.001129
0.000000
0.000000
0.000000
0.000000
0.001773
0.000000
0.000000
0.001276
0.000000
0.000000
0.000000
0.000000
0.000000
0.000000
0.000000
0.000000
0.000000
0.000000
0.001311
0.000000
0.000000
0.001152
0.000000
0.000000
0.000000
0.000000
0.001430
0.000000
0.000000
0.000000
0.000000
0.002525
0.000000
0.000000
0.000000
0.001272
0.000000
0.000000
0.000000
0.000000
0.000000
0.000000
0.000000
0.000000
0.000000
0.001949
0.001140
0.000000
0.000000
0.001948
0.001526
0.000000
0.002790
0.000000
0.000000
0.003063
0.000000
0.000000
0.001147
0.000000
0.000000
0.000000
0.000000
0.000000
0.001230
0.000000
0.000000
0.000000
0.000000
0.001550
0.000000
0.000000
0.000000
0.002043
0.000000
0.000000
0.000000
0.000000
0.000000
0.001389
0.000000
0.000000
0.000000
0.000000
0.000000
0.000000
0.000000
0.000000
0.000000
0.000000
0.000000
0.000000
0.002551
0.000000
0.000000
0.000000
0.001347
0.000000
0.000000
0.000000
0.000000
0.000000
0.000000
0.000000
0.001601
0.000000
0.000000
0.000000
0.000000
0.000000
0.000000
0.000000
0.000000
0.000000
0.000000
0.000000
0.000000
0.000000
0.000000
0.000000
0.000000
0.000000
0.000000
0.000000
0.000000
0.000000
0.000000
0.000000
0.000000
0.000000
0.000000
0.000000
0.000000
0.003147
0.001162
0.000000
0.000000
0.000000
0.000000
0.001289
0.000000
0.000000
0.000000
0.000000
0.000000
0.000000
0.000000
0.000000
0.002415
0.000000
0.000000
0.001202
0.000000
0.000000
0.000000
0.000000
0.000000
0.000000
0.000000
0.000000
0.000000
0.000000
0.000000
0.000000
0.000000
0.000000
0.000000
0.000000
0.000000
0.002177
0.000000
0.000000
0.000000
0.000000
0.000000
0.000000
0.000000
0.000000
0.001557
0.000000
0.000000
0.001203
0.000000
0.000000
0.000000
0.000000
0.000000
0.000000
0.000000
0.000000
0.001616
0.000000
0.001339
0.000000
0.001257
0.000000
0.000000
0.000000
0.000000
0.000000
0.000000
0.000000
0.001856
0.000000
0.000000
0.000000
0.000000
0.000000
0.000000
0.000000
0.000000
0.000000
0.000000
0.000000
0.000000
0.000000
0.000000
0.000000
0.000000
0.000000
0.000000
0.000000
0.000000
0.000000
0.000000
0.000000
0.000000
0.000000
0.000000
0.002105
0.000000
0.000000
0.001744
0.000000
0.000000
0.001443
0.000000
0.000000
0.000000
0.000000
0.000000
0.001774
0.000000
0.000000
0.000000
0.001362
0.002362
0.000000
0.000000
0.000000
0.000000
0.000000
0.001483
0.002002
0.000000
0.000000
0.000000
0.000000
0.000000
0.000000
0.000000
0.001263
0.000000
0.000000
0.001198
0.000000
0.000000
0.000000
0.001612
0.000000
0.000000
0.000000
0.000000
0.000000
0.000000
0.001564
0.000000
0.001149
0.000000
0.000000
0.000000
0.000000
0.000000
0.001278
0.000000
0.000000
0.000000
0.000000
0.000000
0.000000
0.000000
0.000000
0.000000
0.000000
0.000000
0.000000
0.000000
0.000000
0.000000
0.000000
0.002181
0.000000
0.000000
0.000000
0.000000
0.000000
0.000000
0.000000
0.002485
0.000000
0.000000
0.000000
0.001679
0.000000
0.000000
0.000000
0.000000
0.000000
0.000000
0.001181
0.002331
0.000000
0.000000
0.000000
0.000000
0.000000
0.000000
0.000000
0.000000
0.000000
0.000000
0.000000
0.000000
0.000000
0.000000
0.000000
0.000000
0.000000
0.000000
0.000000
0.000000
0.000000
0.000000
0.000000
0.000000
0.000000
0.001245
0.000000
0.000000
0.000000
0.000000
0.000000
0.000000
0.000000
0.000000
0.000000
0.000000
0.000000
0.000000
0.000000
0.000000
0.000000
0.000000
0.000000
0.000000
0.000000
0.000000
0.001227
0.000000
0.000000
0.000000
0.000000
0.000000
0.000000
0.000000
0.001791
0.001525
0.000000
0.000000
0.000000
0.000000
0.002380
0.000000
0.000000
0.000000
0.000000
0.000000
0.000000
0.002982
0.000000
0.000000
0.000000
0.000000
0.000000
0.000000
0.000000
0.000000
0.000000
0.000000
0.000000
0.000000
0.000000
0.000000
0.000000
0.000000
0.001875
0.001145
0.000000
0.000000
0.000000
0.000000
0.001591
0.000000
0.000000
0.000000
0.000000
0.000000
0.000000
0.000000
0.000000
0.002189
0.000000
0.000000
0.000000
0.000000
0.000000
0.000000
0.000000
0.000000
0.000000
0.000000
0.002573
0.000000
0.001200
0.000000
0.000000
0.000000
0.002247
0.000000
0.000000
0.000000
0.000000
0.000000
0.002379
0.000000
0.000000
0.000000
0.000000
0.002169
0.000000
0.000000
0.000000
0.000000
0.000000
0.001467
0.000000
0.000000
0.000000
0.000000
0.000000
0.002024
0.000000
0.001451
0.001327
0.000000
0.000000
0.000000
0.000000
0.000000
0.000000
0.001383
0.001516
0.000000
0.000000
0.000000
0.000000
0.000000
0.000000
0.000000
0.000000
0.000000
0.000000
0.000000
0.001258
0.002370
0.000000
0.000000
0.000000
0.000000
0.000000
0.000000
0.000000
0.000000
0.000000
0.000000
0.001190
0.000000
0.000000
0.000000
0.000000
0.000000
0.000000
0.000000
0.000000
0.000000
0.000000
0.000000
0.000000
0.000000
0.000000
0.000000
0.000000
0.000000
0.000000
0.001735
0.000000
0.000000
0.000000
0.000000
0.000000
0.007444
0.000000
0.000000
0.000000
0.001189
0.000000
0.000000
0.000000
0.000000
0.000000
0.000000
0.000000
0.000000
0.002326
0.000000
0.002801
0.001252
0.002251
0.000000
0.000000
0.000000
0.000000
0.000000
0.000000
0.000000
0.000000
0.000000
0.000000
0.000000
0.000000
0.000000
0.000000
0.000000
0.000000
0.000000
0.000000
0.001341
0.000000
0.002598
0.001260
0.000000
0.000000
0.002309
0.000000
0.000000
0.001235
0.000000
0.000000
0.000000
0.000000
0.000000
0.002957
0.001822
0.000000
0.000000
0.000000
0.000000
0.002453
0.000000
0.000000
0.000000
0.000000
0.000000
0.001179
0.000000
0.001659
0.000000
0.000000
0.000000
0.000000
0.000000
0.000000
0.000000
0.000000
0.000000
0.000000
0.000000
0.000000
0.001665
0.000000
0.000000
0.000000
0.000000
0.000000
0.000000
0.000000
0.001286
0.000000
0.000000
0.000000
0.002811
0.001201
0.000000
0.000000
0.000000
0.000000
0.000000
0.000000
0.000000
0.001222
0.001235
0.000000
0.000000
0.000000
0.000000
0.000000
0.001193
0.000000
0.000000
0.001626
0.000000
0.000000
0.000000
0.000000
0.000000
0.000000
0.000000
0.000000
0.000000
0.000000
0.000000
0.000000
0.002030
0.000000
0.000000
0.000000
0.001299
0.000000
0.000000
0.000000
0.000000
0.000000
0.000000
0.000000
0.000000
0.000000
0.000000
0.000000
0.000000
0.001349
0.000000
0.000000
0.000000
0.000000
0.000000
0.000000
0.000000
0.000000
0.000000
0.000000
0.000000
0.000000
0.000000
0.001701
0.001549
0.000000
0.000000
0.000000
0.001500
0.000000
0.000000
0.002179
0.001219
0.000000
0.000000
0.000000
0.000000
0.000000
0.000000
0.000000
0.000000
0.000000
0.000000
0.000000
0.000000
0.000000
0.000000
0.000000
0.000000
0.000000
0.000000
0.001506
0.000000
0.002136
0.000000
0.000000
0.000000
0.000000
0.000000
0.000000
0.000000
0.000000
0.000000
0.000000
0.000000
0.000000
0.000000
0.002133
0.000000
0.000000
0.000000
0.000000
0.000000
0.000000
0.001217
0.000000
0.000000
0.001523
0.000000
0.000000
0.002057
0.000000
0.000000
0.001308
0.000000
0.000000
0.000000
0.000000
0.000000
0.000000
0.001681
0.000000
0.000000
0.000000
0.000000
0.000000
0.004669
0.000000
0.000000
0.000000
0.000000
0.000000
0.001605
0.000000
0.000000
0.000000
0.000000
0.000000
0.000000
0.002415
0.000000
0.000000
0.002176
0.000000
0.000000
0.000000
0.000000
0.000000
0.000000
0.000000
0.000000
0.000000
0.000000
0.001314
0.001279
0.000000
0.000000
0.000000
0.000000
0.002348
0.000000
0.000000
0.000000
0.001555
0.000000
0.001898
0.000000
0.001191
0.000000
0.000000
0.000000
0.000000
0.000000
0.000000
0.000000
0.000000
0.000000
0.000000
0.000000
0.002498
0.000000
0.000000
0.000000
0.000000
0.000000
0.000000
0.000000
0.000000
0.000000
0.000000
0.000000
0.000000
0.000000
0.000000
0.000000
0.000000
0.000000
0.000000
0.001908
0.000000
0.000000
0.000000
0.000000
0.000000
0.000000
0.000000
0.000000
0.000000
0.000000
0.000000
0.000000
0.000000
0.001807
0.001142
0.000000
0.000000
0.000000
0.000000
0.000000
0.000000
0.000000
0.000000
0.000000
0.000000
0.002001
0.000000
0.000000
0.000000
0.000000
0.000000
0.000000
0.000000
0.001273
0.000000
0.000000
0.000000
0.001150
0.000000
0.000000
0.000000
0.000000
0.000000
0.000000
0.000000
0.000000
0.000000
0.000000
0.000000
0.000000
0.001292
0.000000
0.000000
0.000000
0.000000
0.000000
0.000000
0.000000
0.000000
0.000000
0.000000
0.000000
0.000000
0.000000
0.000000
0.000000
0.000000
0.000000
0.001197
0.000000
0.000000
0.000000
0.000000
0.001183
0.000000
0.000000
0.000000
0.000000
0.000000
0.000000
0.000000
0.000000
0.000000
0.000000
0.000000
0.000000
0.000000
0.000000
0.000000
0.000000
0.000000
0.000000
0.000000
0.000000
0.001806
0.000000
0.000000
0.000000
0.000000
0.001734
0.000000
0.000000
0.000000
0.000000
0.000000
0.000000
0.000000
0.000000
0.001458
0.003439
0.000000
0.000000
0.000000
0.000000
0.000000
0.000000
0.000000
0.000000
0.001413
0.000000
0.001978
0.000000
0.000000
0.000000
0.000000
0.001282
0.000000
0.000000
0.000000
0.000000
0.000000
0.000000
0.000000
0.000000
0.000000
0.000000
0.000000
0.000000
0.000000
0.000000
0.000000
0.000000
0.000000
0.000000
0.000000
0.000000
0.000000
0.000000
0.000000
0.000000
0.001414
0.000000
0.001654
0.000000
0.000000
0.000000
0.000000
0.000000
0.000000
0.000000
0.000000
0.000000
0.000000
0.000000
0.000000
0.000000
0.002796
0.000000
0.000000
0.000000
0.000000
0.000000
0.000000
0.000000
0.000000
0.000000
0.000000
0.000000
0.000000
0.000000
0.000000
0.000000
0.001644
0.000000
0.000000
0.000000
0.000000
0.000000
0.000000
0.000000
0.000000
0.000000
0.000000
0.000000
0.000000
0.000000
0.000000
0.000000
0.001594
0.000000
0.000000
0.000000
0.000000
0.000000
0.000000
0.000000
0.000000
0.000000
0.000000
0.000000
0.000000
0.000000
0.000000
0.000000
0.000000
0.000000
0.001215
0.000000
0.000000
0.000000
0.000000
0.000000
0.000000
0.000000
0.000000
0.001149
0.000000
0.000000
0.000000
0.000000
0.000000
0.000000
0.000000
0.000000
0.000000
0.000000
0.000000
0.000000
0.000000
0.000000
0.000000
0.000000
0.000000
0.000000
0.000000
0.000000
0.000000
0.000000
0.000000
0.000000
0.000000
0.000000
0.000000
0.000000
0.000000
0.000000
0.001222
0.000000
0.000000
0.000000
0.000000
0.000000
0.000000
0.000000
0.000000
0.000000
0.000000
0.002081
0.000000
0.000000
0.000000
0.000000
0.000000
0.002290
0.000000
0.000000
0.000000
0.000000
0.001120
0.001355
0.000000
0.000000
0.000000
0.000000
0.000000
0.001956
0.000000
0.000000
0.000000
0.000000
0.000000
0.000000
0.000000
0.000000
0.000000
0.000000
0.000000
0.000000
0.000000
0.000000
0.002329
0.000000
0.001898
0.000000
0.000000
0.000000
0.001494
0.000000
0.000000
0.002199
0.000000
0.001417
0.001358
0.000000
0.000000
0.000000
0.000000
0.000000
0.000000
0.001355
0.000000
0.000000
0.000000
0.000000
0.000000
0.002142
0.000000
0.000000
0.000000
0.000000
0.000000
0.000000
0.002146
0.000000
0.000000
0.000000
0.000000
0.000000
0.000000
0.001271
0.000000
0.000000
0.000000
0.002298
0.000000
0.000000
0.001559
0.000000
0.000000
0.000000
0.000000
0.000000
0.000000
0.000000
0.001480
0.000000
0.000000
0.000000
0.000000
0.002367
0.000000
0.000000
0.000000
0.000000
0.000000
0.001608
0.000000
0.000000
0.000000
0.000000
0.000000
0.000000
0.000000
0.000000
0.000000
0.000000
0.000000
0.000000
0.000000
0.000000
0.000000
0.000000
0.000000
0.000000
0.000000
0.000000
0.000000
0.000000
0.000000
0.001724
0.000000
0.000000
0.000000
0.001632
0.000000
0.000000
0.000000
0.000000
0.000000
0.001190
0.000000
0.000000
0.000000
0.000000
0.000000
0.000000
0.000000
0.001609
0.000000
0.000000
0.000000
0.000000
0.000000
0.000000
0.000000
0.000000
0.000000
0.000000
0.000000
0.000000
0.000000
0.000000
0.000000
0.000000
0.000000
0.000000
0.000000
0.000000
0.000000
0.001801
0.000000
0.000000
0.000000
0.000000
0.000000
0.000000
0.000000
0.000000
0.001534
0.000000
0.000000
0.001319
0.000000
0.000000
0.000000
0.000000
0.000000
0.000000
0.000000
0.000000
0.000000
0.000000
0.000000
0.000000
0.000000
0.000000
0.000000
0.000000
0.000000
0.001229
0.000000
0.000000
0.002167
0.000000
0.000000
0.000000
0.000000
0.000000
0.002459
0.000000
0.000000
0.000000
0.000000
0.000000
0.000000
0.000000
0.001896
0.000000
0.000000
0.000000
0.000000
0.000000
0.000000
0.000000
0.000000
0.001187
0.000000
0.000000
0.000000
0.000000
0.000000
0.000000
0.000000
0.000000
0.001327
0.000000
0.000000
0.000000
0.000000
0.000000
0.000000
0.000000
0.002012
0.000000
0.000000
0.000000
0.000000
0.000000
0.000000
0.000000
0.000000
0.000000
0.000000
0.000000
0.000000
0.000000
0.000000
0.000000
0.000000
0.000000
0.000000
0.000000
0.000000
0.000000
0.000000
0.000000
0.000000
0.000000
0.000000
0.000000
0.000000
0.000000
0.000000
0.001290
0.000000
0.000000
0.000000
0.000000
0.000000
0.000000
0.001761
0.002231
0.000000
0.001288
0.000000
0.001463
0.000000
0.000000
0.000000
0.000000
0.000000
0.000000
0.000000
0.001263
0.000000
0.000000
0.000000
0.001374
0.002271
0.000000
0.000000
0.000000
0.000000
0.000000
0.000000
0.000000
0.000000
0.001399
0.000000
0.000000
0.002477
0.000000
0.001748
0.000000
0.000000
0.000000
0.002597
0.000000
0.000000
0.000000
0.000000
0.000000
0.000000
0.000000
0.000000
0.000000
0.000000
0.000000
0.002314
0.000000
0.000000
0.000000
0.000000
0.000000
0.000000
0.002282
0.000000
0.000000
0.000000
0.000000
0.000000
0.000000
0.000000
0.001244
0.000000
0.000000
0.000000
0.000000
0.000000
0.000000
0.000000
0.000000
0.000000
0.000000
0.000000
0.000000
0.000000
0.000000
0.000000
0.000000
0.001265
0.000000
0.001244
0.000000
0.000000
0.000000
0.000000
0.000000
0.000000
0.000000
0.000000
0.000000
0.000000
0.000000
0.000000
0.001248
0.000000
0.000000
0.000000
0.000000
0.000000
0.000000
0.000000
0.000000
0.000000
0.000000
0.000000
0.000000
0.000000
0.000000
0.000000
0.000000
0.000000
0.000000
0.000000
0.000000
0.000000
0.000000
0.000000
0.000000
0.001291
0.001298
0.000000
0.000000
0.000000
0.001222
0.000000
0.000000
0.000000
0.000000
0.000000
0.000000
0.000000
0.000000
0.000000
0.000000
0.000000
0.000000
0.000000
0.000000
0.000000
0.000000
0.001175
0.002327
0.000000
0.000000
0.002496
0.000000
0.002009
0.000000
0.001594
0.000000
0.000000
0.000000
0.000000
0.000000
0.000000
0.000000
0.000000
0.001557
0.000000
0.000000
0.001850
0.000000
0.000000
0.000000
0.001478
0.000000
0.000000
0.000000
0.001557
0.001330
0.000000
0.000000
0.000000
0.000000
0.000000
0.000000
0.000000
0.000000
0.000000
0.000000
0.002654
0.002712
0.000000
0.000000
0.000000
0.000000
0.000000
0.000000
0.000000
0.000000
0.000000
0.000000
0.000000
0.000000
0.000000
0.000000
0.002346
0.000000
0.000000
0.000000
0.000000
0.000000
0.000000
0.000000
0.000000
0.000000
0.000000
0.000000
0.001312
0.000000
0.000000
0.000000
0.000000
0.001262
0.000000
0.000000
0.000000
0.000000
0.001132
0.000000
0.000000
0.000000
0.000000
0.000000
0.000000
0.002179
0.000000
0.000000
0.000000
0.000000
0.000000
0.000000
0.000000
0.000000
0.000000
0.000000
0.000000
0.001301
0.001946
0.000000
0.001705
0.000000
0.000000
0.000000
0.000000
0.000000
0.000000
0.000000
0.000000
0.000000
0.000000
0.000000
0.000000
0.000000
0.000000
0.001429
0.000000
0.000000
0.002036
0.000000
0.000000
0.000000
0.000000
0.000000
0.000000
0.000000
0.000000
0.000000
0.000000
0.000000
0.000000
0.000000
0.000000
0.000000
0.000000
0.000000
0.000000
0.000000
0.001331
0.001300
0.000000
0.001583
0.000000
0.002627
0.000000
0.000000
0.000000
0.001419
0.000000
0.000000
0.000000
0.000000
0.000000
0.000000
0.000000
0.000000
0.002152
0.001265
0.000000
0.000000
0.000000
0.000000
0.001121
0.001475
0.000000
0.001252
0.000000
0.000000
0.000000
0.000000
0.000000
0.000000
0.000000
0.000000
0.000000
0.000000
0.000000
0.001587
0.000000
0.000000
0.000000
0.000000
0.000000
0.000000
0.001830
0.000000
0.001828
0.000000
0.001908
0.000000
0.000000
0.001128
0.000000
0.000000
0.000000
0.000000
0.000000
0.001939
0.000000
0.000000
0.002279
0.000000
0.000000
0.000000
0.000000
0.000000
0.000000
0.000000
0.000000
0.000000
0.000000
0.000000
0.000000
0.000000
0.001181
0.001122
0.001653
0.000000
0.000000
0.000000
0.000000
0.000000
0.000000
0.000000
0.000000
0.000000
0.000000
0.000000
0.000000
0.000000
0.000000
0.001621
0.000000
0.000000
0.000000
0.000000
0.000000
0.000000
0.000000
0.000000
0.000000
0.000000
0.001146
0.000000
0.000000
0.000000
0.001357
0.000000
0.001219
0.000000
0.000000
0.000000
0.000000
0.000000
0.001282
0.000000
0.000000
0.000000
0.000000
0.000000
0.000000
0.000000
0.000000
0.000000
0.000000
0.000000
0.002850
0.000000
0.000000
0.000000
0.000000
0.000000
0.000000
0.000000
0.001482
0.000000
0.000000
0.000000
0.000000
0.000000
0.000000
0.000000
0.000000
0.000000
0.000000
0.000000
0.000000
0.000000
0.000000
0.000000
0.000000
0.001906
0.000000
0.001892
0.000000
0.000000
0.000000
0.000000
0.001135
0.000000
0.000000
0.000000
0.000000
0.000000
0.000000
0.001981
0.000000
0.000000
0.000000
0.000000
0.000000
0.000000
0.000000
0.004421
0.000000
0.001822
0.000000
0.000000
0.000000
0.000000
0.000000
0.000000
0.000000
0.001223
0.000000
0.000000
0.000000
0.000000
0.001868
0.000000
0.001130
0.000000
0.000000
0.001710
0.000000
0.000000
0.000000
0.001188
0.000000
0.000000
0.000000
0.000000
0.000000
0.000000
0.001313
0.001349
0.002658
0.000000
0.000000
0.000000
0.000000
0.001212
0.000000
0.000000
0.000000
0.000000
0.000000
0.002046
0.000000
0.000000
0.000000
0.000000
0.000000
0.000000
0.000000
0.000000
0.000000
0.000000
0.000000
0.000000
0.000000
0.000000
0.000000
0.000000
0.000000
0.001599
0.000000
0.000000
0.003859
0.000000
0.000000
0.000000
0.000000
0.000000
0.001270
0.000000
0.000000
0.002593
0.000000
0.000000
0.000000
0.000000
0.000000
0.000000
0.000000
0.000000
0.000000
0.000000
0.000000
0.001505
0.000000
0.000000
0.000000
0.000000
0.000000
0.000000
0.000000
0.000000
0.000000
0.000000
0.000000
0.001120
0.000000
0.000000
0.000000
0.000000
0.000000
0.000000
0.000000
0.000000
0.000000
0.000000
0.000000
0.000000
0.000000
0.000000
0.000000
0.000000
0.000000
0.000000
0.000000
0.000000
0.001204
0.000000
0.000000
0.000000
0.000000
0.000000
0.000000
0.000000
0.000000
0.000000
0.000000
0.000000
0.000000
0.000000
0.002276
0.000000
0.000000
0.000000
0.000000
0.000000
0.000000
0.000000
0.000000
0.000000
0.000000
0.000000
0.000000
0.000000
0.000000
0.000000
0.000000
0.000000
0.000000
0.001663
0.000000
0.000000
0.000000
0.000000
0.000000
0.000000
0.000000
0.000000
0.000000
0.000000
0.001158
0.000000
0.000000
0.000000
0.000000
0.000000
0.001539
0.000000
0.000000
0.000000
0.000000
0.000000
0.000000
0.000000
0.000000
0.000000
0.000000
0.000000
0.000000
0.000000
0.000000
0.000000
0.000000
0.000000
0.000000
0.000000
0.000000
0.000000
0.001183
0.000000
0.000000
0.000000
0.000000
0.000000
0.000000
0.000000
0.000000
0.000000
0.000000
0.000000
0.000000
0.000000
0.001181
0.001213
0.000000
0.000000
0.000000
0.000000
0.000000
0.000000
0.000000
0.000000
0.001869
0.000000
0.000000
0.000000
0.000000
0.001734
0.000000
0.001910
0.000000
0.000000
0.001917
0.001492
0.000000
0.000000
0.000000
0.000000
0.000000
0.000000
0.000000
0.000000
0.000000
0.000000
0.001971
0.000000
0.000000
0.000000
0.000000
0.001854
0.000000
0.001195
0.000000
0.000000
0.000000
0.000000
0.000000
0.000000
0.000000
0.000000
0.000000
0.000000
0.000000
0.000000
0.000000
0.000000
0.000000
0.000000
0.000000
0.000000
0.000000
0.000000
0.000000
0.001181
0.001346
0.000000
0.000000
0.000000
0.000000
0.000000
0.002700
0.000000
0.000000
0.000000
0.000000
0.000000
0.000000
0.000000
0.000000
0.000000
0.000000
0.000000
0.000000
0.000000
0.000000
0.000000
0.000000
0.001344
0.001708
0.001242
0.000000
0.000000
0.000000
0.000000
0.000000
0.000000
0.000000
0.000000
0.001701
0.000000
0.000000
0.000000
0.000000
0.000000
0.003944
0.000000
0.000000
0.000000
0.000000
0.000000
0.002438
0.000000
0.000000
0.000000
0.000000
0.000000
0.000000
0.000000
0.000000
0.000000
0.001528
0.001497
0.001443
0.000000
0.002077
0.000000
0.000000
0.000000
0.000000
0.000000
0.000000
0.000000
0.000000
0.000000
0.000000
0.000000
0.000000
0.000000
0.000000
0.000000
0.001137
0.000000
0.000000
0.000000
0.000000
0.000000
0.000000
0.002011
0.000000
0.000000
0.000000
0.001683
0.000000
0.000000
0.000000
0.001520
0.000000
0.000000
0.000000
0.001253
0.000000
0.000000
0.001187
0.001323
0.001748
0.000000
0.000000
0.001241
0.045336
0.000000
0.000000
0.000000
0.000000
0.000000
0.000000
0.000000
0.000000
0.000000
0.000000
0.000000
0.001223
0.000000
0.000000
0.000000
0.000000
0.000000
0.000000
0.000000
0.000000
0.000000
0.000000
0.000000
0.000000
0.000000
0.000000
0.000000
0.000000
0.000000
0.000000
0.000000
0.001202
0.000000
0.000000
0.000000
0.000000
0.000000
0.000000
0.000000
0.000000
0.000000
0.000000
0.002037
0.000000
0.000000
0.000000
0.000000
0.000000
0.000000
0.000000
0.000000
0.000000
0.000000
0.000000
0.000000
0.000000
0.000000
0.000000
0.001644
0.000000
0.000000
0.000000
0.000000
0.000000
0.000000
0.000000
0.000000
0.000000
0.000000
0.000000
0.000000
0.000000
0.000000
0.000000
0.000000
0.000000
0.000000
0.000000
0.002105
0.000000
0.002337
0.000000
0.000000
0.000000
0.000000
0.000000
0.000000
0.000000
0.000000
0.001386
0.000000
0.000000
0.000000
0.002585
0.001434
0.000000
0.000000
0.000000
0.001797
0.002089
0.000000
0.000000
0.000000
0.000000
0.001260
0.000000
0.000000
0.000000
0.001959
0.000000
0.000000
0.000000
0.001211
0.000000
0.000000
0.000000
0.000000
0.000000
0.000000
0.000000
0.000000
0.001357
0.000000
0.000000
0.000000
0.000000
0.000000
0.000000
0.001697
0.000000
0.000000
0.000000
0.000000
0.000000
0.000000
0.002133
0.000000
0.000000
0.000000
0.000000
0.000000
0.000000
0.000000
0.000000
0.000000
0.000000
0.000000
0.001183
0.000000
0.000000
0.000000
0.000000
0.001127
0.000000
0.000000
0.000000
0.000000
0.001199
0.000000
0.000000
0.000000
0.000000
0.002267
0.000000
0.000000
0.001357
0.000000
0.000000
0.000000
0.000000
0.000000
0.001787
0.000000
0.000000
0.000000
0.000000
0.000000
0.000000
0.000000
0.000000
0.000000
0.000000
0.000000
0.000000
0.001770
0.001823
0.000000
0.001407
0.000000
0.000000
0.000000
0.000000
0.000000
0.001159
0.001364
0.000000
0.000000
0.000000
0.000000
0.000000
0.000000
0.000000
0.000000
0.000000
0.000000
0.000000
0.000000
0.000000
0.000000
0.000000
0.000000
0.000000
0.000000
0.000000
0.001228
0.002011
0.000000
0.000000
0.001507
0.000000
0.000000
0.000000
0.000000
0.000000
0.002585
0.000000
0.000000
0.000000
0.000000
0.000000
0.000000
0.000000
0.000000
0.000000
0.001667
0.000000
0.000000
0.000000
0.000000
0.000000
0.000000
0.000000
0.000000
0.000000
0.000000
0.000000
0.000000
0.000000
0.000000
0.000000
0.001189
0.000000
0.000000
0.000000
0.000000
0.000000
0.000000
0.000000
0.000000
0.000000
0.000000
0.002619
0.000000
0.000000
0.000000
0.000000
0.000000
0.000000
0.000000
0.000000
0.000000
0.001867
0.000000
0.000000
0.000000
0.000000
0.000000
0.000000
0.002432
0.000000
0.000000
0.000000
0.000000
0.000000
0.001301
0.000000
0.000000
0.002657
0.000000
0.000000
0.000000
0.000000
0.000000
0.000000
0.000000
0.000000
0.002503
0.000000
0.000000
0.000000
0.000000
0.001315
0.001768
0.000000
0.000000
0.001612
0.001405
0.000000
0.000000
0.000000
0.000000
0.000000
0.000000
0.000000
0.000000
0.000000
0.000000
0.000000
0.000000
0.000000
0.001704
0.000000
0.000000
0.000000
0.000000
0.000000
0.000000
0.001379
0.000000
0.000000
0.001694
0.000000
0.000000
0.002014
0.000000
0.000000
0.000000
0.000000
0.000000
0.000000
0.000000
0.000000
0.000000
0.000000
0.000000
0.001424
0.000000
0.000000
0.000000
0.001405
0.000000
0.000000
0.001278
0.000000
0.000000
0.000000
0.000000
0.000000
0.000000
0.000000
0.000000
0.000000
0.000000
0.000000
0.000000
0.000000
0.000000
0.000000
0.000000
0.000000
0.000000
0.000000
0.000000
0.000000
0.000000
0.000000
0.000000
0.000000
0.000000
0.001246
0.002342
0.000000
0.000000
0.000000
0.000000
0.000000
0.000000
0.000000
0.000000
0.000000
0.001537
0.000000
0.000000
0.000000
0.000000
0.000000
0.000000
0.000000
0.001230
0.000000
0.000000
0.001757
0.000000
0.000000
0.000000
0.000000
0.000000
0.000000
0.000000
0.000000
0.000000
0.001949
0.000000
0.001547
0.000000
0.000000
0.000000
0.000000
0.000000
0.001434
0.001888
0.000000
0.000000
0.000000
0.000000
0.000000
0.001919
0.000000
0.001668
0.000000
0.000000
0.000000
0.000000
0.000000
0.000000
0.000000
0.000000
0.000000
0.001641
0.000000
0.002396
0.000000
0.000000
0.000000
0.000000
0.000000
0.000000
0.000000
0.000000
0.000000
0.000000
0.000000
0.000000
0.000000
0.000000
0.000000
0.000000
0.000000
0.000000
0.000000
0.000000
0.000000
0.001492
0.000000
0.000000
0.000000
0.000000
0.001120
0.000000
0.000000
0.000000
0.000000
0.000000
0.000000
0.000000
0.000000
0.000000
0.000000
0.000000
0.000000
0.000000
0.000000
0.000000
0.000000
0.001231
0.000000
0.000000
0.000000
0.000000
0.000000
0.000000
0.000000
0.001890
0.000000
0.000000
0.000000
0.000000
0.000000
0.000000
0.000000
0.000000
0.000000
0.000000
0.000000
0.000000
0.000000
0.000000
0.000000
0.000000
0.000000
0.000000
0.000000
0.000000
0.000000
0.000000
0.000000
0.000000
0.000000
0.000000
0.001225
0.001155
0.000000
0.000000
0.000000
0.000000
0.000000
0.001462
0.000000
0.000000
0.000000
0.000000
0.000000
0.002681
0.000000
0.001974
0.000000
0.000000
0.000000
0.000000
0.000000
0.000000
0.000000
0.000000
0.000000
0.001638
0.000000
0.000000
0.000000
0.000000
0.000000
0.000000
0.000000
0.000000
0.000000
0.000000
0.000000
0.000000
0.000000
0.000000
0.000000
0.001349
0.001721
0.000000
0.000000
0.000000
0.001243
0.000000
0.000000
0.000000
0.000000
0.000000
0.000000
0.000000
0.002286
0.000000
0.000000
0.000000
0.000000
0.001176
0.000000
0.000000
0.000000
0.000000
0.000000
0.000000
0.000000
0.000000
0.000000
0.001126
0.000000
0.000000
0.000000
0.000000
0.000000
0.000000
0.000000
0.000000
0.000000
0.000000
0.000000
0.000000
0.000000
0.000000
0.001702
0.000000
0.000000
0.001949
0.000000
0.000000
0.000000
0.000000
0.000000
0.000000
0.000000
0.000000
0.000000
0.000000
0.003669
0.000000
0.000000
0.000000
0.000000
0.000000
0.000000
0.000000
0.000000
0.000000
0.000000
0.000000
0.000000
0.000000
0.000000
0.001479
0.000000
0.000000
0.000000
0.001606
0.000000
0.000000
0.000000
0.000000
0.000000
0.000000
0.000000
0.000000
0.000000
0.000000
0.000000
0.000000
0.001502
0.000000
0.000000
0.000000
0.000000
0.000000
0.000000
0.000000
0.000000
0.000000
0.000000
0.000000
0.001735
0.000000
0.005210
0.000000
0.000000
0.000000
0.000000
0.000000
0.000000
0.001613
0.000000
0.000000
0.000000
0.002281
0.000000
0.000000
0.000000
0.000000
0.000000
0.000000
0.000000
0.000000
0.000000
0.000000
0.000000
0.000000
0.000000
0.000000
0.000000
0.001825
0.000000
0.001327
0.000000
0.000000
0.000000
0.000000
0.001327
0.000000
0.000000
0.000000
0.000000
0.000000
0.000000
0.001449
0.000000
0.000000
0.000000
0.000000
0.000000
0.000000
0.000000
0.000000
0.000000
0.000000
0.000000
0.000000
0.000000
0.000000
0.000000
0.002199
0.001950
0.000000
0.000000
0.001545
0.000000
0.000000
0.000000
0.000000
0.000000
0.000000
0.000000
0.000000
0.000000
0.000000
0.000000
0.000000
0.000000
0.000000
0.000000
0.000000
0.000000
0.001140
0.000000
0.000000
0.001306
0.000000
0.000000
0.000000
0.000000
0.000000
0.000000
0.000000
0.000000
0.000000
0.000000
0.000000
0.000000
0.000000
0.000000
0.000000
0.000000
0.000000
0.000000
0.000000
0.000000
0.001196
0.000000
0.000000
0.000000
0.000000
0.000000
0.000000
0.000000
0.000000
0.000000
0.000000
0.000000
0.000000
0.000000
0.001640
0.000000
0.000000
0.000000
0.001223
0.000000
0.000000
0.000000
0.000000
0.000000
0.000000
0.000000
0.000000
0.000000
0.000000
0.001141
0.000000
0.001462
0.000000
0.000000
0.000000
0.000000
0.000000
0.000000
0.000000
0.000000
0.000000
0.000000
0.000000
0.000000
0.002519
0.000000
0.000000
0.001548
0.000000
0.000000
0.001742
0.000000
0.000000
0.000000
0.000000
0.000000
0.000000
0.000000
0.000000
0.000000
0.001174
0.000000
0.000000
0.000000
0.000000
0.000000
0.000000
0.000000
0.000000
0.000000
0.001707
0.002295
0.000000
0.000000
0.002388
0.000000
0.000000
0.000000
0.000000
0.000000
0.000000
0.000000
0.000000
0.000000
0.000000
0.000000
0.000000
0.000000
0.000000
0.000000
0.000000
0.000000
0.001220
0.000000
0.000000
0.000000
0.002477
0.001255
0.000000
0.000000
0.000000
0.000000
0.000000
0.000000
0.000000
0.000000
0.000000
0.000000
0.000000
0.000000
0.000000
0.000000
0.000000
0.000000
0.000000
0.000000
0.000000
0.000000
0.000000
0.000000
0.000000
0.000000
0.000000
0.000000
0.000000
0.000000
0.000000
0.000000
0.000000
0.000000
0.000000
0.001305
0.002034
0.000000
0.000000
0.001726
0.000000
0.000000
0.000000
0.002756
0.000000
0.000000
0.000000
0.000000
0.000000
0.000000
0.000000
0.000000
0.000000
0.000000
0.000000
0.000000
0.000000
0.000000
0.000000
0.000000
0.000000
0.000000
0.000000
0.000000
0.000000
0.000000
0.000000
0.000000
0.001414
0.000000
0.000000
0.000000
0.000000
0.000000
0.000000
0.000000
0.003320
0.000000
0.000000
0.000000
0.000000
0.000000
0.000000
0.000000
0.000000
0.000000
0.000000
0.000000
0.000000
0.000000
0.000000
0.000000
0.000000
0.000000
0.000000
0.000000
0.001460
0.002057
0.000000
0.000000
0.000000
0.000000
0.000000
0.000000
0.000000
0.000000
0.000000
0.001839
0.000000
0.002326
0.000000
0.000000
0.000000
0.000000
0.000000
0.000000
0.000000
0.000000
0.000000
0.000000
0.000000
0.000000
0.000000
0.000000
0.000000
0.000000
0.000000
0.001355
0.000000
0.000000
0.000000
0.000000
0.000000
0.000000
0.002098
0.002921
0.000000
0.000000
0.000000
0.000000
0.002220
0.000000
0.000000
0.000000
0.000000
0.000000
0.002467
0.000000
0.000000
0.000000
0.000000
0.000000
0.000000
0.000000
0.000000
0.000000
0.000000
0.000000
0.000000
0.001372
0.000000
0.000000
0.000000
0.000000
0.000000
0.000000
0.000000
0.000000
0.000000
0.000000
0.000000
0.000000
0.000000
0.000000
0.000000
0.000000
0.000000
0.000000
0.000000
0.000000
0.000000
0.000000
0.000000
0.000000
0.000000
0.000000
0.000000
0.001454
0.000000
0.001426
0.000000
0.000000
0.000000
0.000000
0.000000
0.000000
0.000000
0.000000
0.000000
0.000000
0.000000
0.000000
0.000000
0.003931
0.000000
0.000000
0.000000
0.001953
0.000000
0.000000
0.000000
0.000000
0.000000
0.000000
0.000000
0.000000
0.000000
0.000000
0.000000
0.000000
0.000000
0.000000
0.000000
0.000000
0.000000
0.000000
0.000000
0.000000
0.001189
0.001127
0.000000
0.000000
0.001228
0.000000
0.000000
0.000000
0.000000
0.000000
0.000000
0.000000
0.000000
0.000000
0.000000
0.000000
0.000000
0.000000
0.000000
0.001608
0.001246
0.000000
0.000000
0.000000
0.000000
0.000000
0.001609
0.000000
0.000000
0.000000
0.000000
0.001925
0.001359
0.000000
0.000000
0.000000
0.000000
0.000000
0.000000
0.000000
0.000000
0.000000
0.000000
0.000000
0.001403
0.000000
0.000000
0.000000
0.000000
0.000000
0.000000
0.000000
0.000000
0.000000
0.000000
0.000000
0.000000
0.001559
0.000000
0.000000
0.000000
0.001234
0.000000
0.000000
0.000000
0.001724
0.000000
0.000000
0.000000
0.000000
0.001167
0.000000
0.001351
0.000000
0.000000
0.000000
0.000000
0.000000
0.000000
0.000000
0.000000
0.000000
0.000000
0.000000
0.000000
0.001154
0.000000
0.000000
0.000000
0.000000
0.000000
0.000000
0.000000
0.000000
0.000000
0.000000
0.000000
0.001509
0.000000
0.000000
0.000000
0.000000
0.000000
0.001238
0.000000
0.000000
0.000000
0.000000
0.000000
0.000000
0.000000
0.000000
0.000000
0.000000
0.000000
0.000000
0.000000
0.000000
0.000000
0.000000
0.000000
0.000000
0.000000
0.000000
0.000000
0.000000
0.000000
0.000000
0.000000
0.000000
0.000000
0.000000
0.000000
0.000000
0.001990
0.000000
0.001654
0.000000
0.000000
0.000000
0.000000
0.000000
0.001234
0.000000
0.000000
0.000000
0.000000
0.000000
0.001740
0.000000
0.000000
0.000000
0.000000
0.000000
0.001204
0.000000
0.000000
0.000000
0.000000
0.000000
0.000000
0.000000
0.000000
0.000000
0.000000
0.000000
0.002156
0.000000
0.000000
0.001211
0.000000
0.000000
0.000000
0.000000
0.000000
0.000000
0.000000
0.001452
0.000000
0.000000
0.000000
0.001883
0.000000
0.002000
0.000000
0.000000
0.000000
0.000000
0.000000
0.000000
0.000000
0.002061
0.000000
0.000000
0.000000
0.000000
0.002631
0.000000
0.000000
0.000000
0.000000
0.000000
0.000000
0.001794
0.000000
0.000000
0.000000
0.000000
0.000000
0.000000
0.000000
0.000000
0.000000
0.000000
0.000000
0.001638
0.000000
0.000000
0.000000
0.000000
0.000000
0.000000
0.001152
0.000000
0.001354
0.000000
0.000000
0.000000
0.000000
0.000000
0.000000
0.001492
0.000000
0.000000
0.000000
0.000000
0.000000
0.000000
0.000000
0.000000
0.000000
0.000000
0.000000
0.000000
0.002069
0.002020
0.001529
0.000000
0.001322
0.001701
0.000000
0.001558
0.000000
0.001718
0.000000
0.000000
0.000000
0.000000
0.000000
0.000000
0.001459
0.000000
0.000000
0.000000
0.000000
0.000000
0.000000
0.000000
0.000000
0.000000
0.000000
0.000000
0.000000
0.001302
0.001428
0.000000
0.000000
0.000000
0.000000
0.000000
0.000000
0.001669
0.000000
0.000000
0.000000
0.000000
0.000000
0.000000
0.000000
0.000000
0.000000
0.000000
0.000000
0.000000
0.000000
0.000000
0.000000
0.000000
0.000000
0.000000
0.000000
0.000000
0.000000
0.001484
0.000000
0.000000
0.000000
0.000000
0.000000
0.000000
0.000000
0.000000
0.001714
0.000000
0.000000
0.001175
0.000000
0.000000
0.000000
0.000000
0.000000
0.001132
0.000000
0.000000
0.000000
0.000000
0.000000
0.000000
0.000000
0.000000
0.000000
0.001454
0.000000
0.000000
0.000000
0.001530
0.000000
0.000000
0.000000
0.000000
0.000000
0.000000
0.000000
0.000000
0.000000
0.001135
0.001378
0.000000
0.000000
0.000000
0.000000
0.001266
0.001571
0.000000
0.001391
0.000000
0.001536
0.000000
0.000000
0.000000
0.000000
0.000000
0.000000
0.001983
0.000000
0.002167
0.000000
0.000000
0.000000
0.000000
0.000000
0.000000
0.000000
0.000000
0.000000
0.000000
0.000000
0.000000
0.000000
0.000000
0.001439
0.000000
0.000000
0.000000
0.000000
0.000000
0.001760
0.001145
0.000000
0.000000
0.000000
0.001136
0.000000
0.000000
0.000000
0.001961
0.001682
0.000000
0.000000
0.000000
0.001738
0.001159
0.000000
0.000000
0.000000
0.000000
0.000000
0.000000
0.000000
0.001804
0.000000
0.000000
0.000000
0.000000
0.000000
0.000000
0.000000
0.000000
0.000000
0.000000
0.000000
0.000000
0.000000
0.001121
0.000000
0.000000
0.001503
0.000000
0.000000
0.000000
0.000000
0.001260
0.000000
0.000000
0.000000
0.000000
0.000000
0.000000
0.000000
0.000000
0.000000
