0.000000
0.000000
0.000000
0.000000
0.000527
0.000000
0.000000
0.000000
0.001288
0.000000
0.000459
0.000610
0.000000
0.000957
0.000533
0.000000
0.000000
0.000741
0.000435
0.000000
0.000000
0.001680
0.001136
0.000000
0.000000
0.000000
0.001283
0.000000
0.000000
0.002046
0.002602
0.000000
0.001181
0.000000
0.000598
0.000000
0.000000
0.000000
0.000000
0.000000
0.000000
0.000000
0.000000
0.000000
0.000000
0.000000
0.000000
0.000000
0.000000
0.000000
0.000000
0.000000
0.000743
0.000766
0.001033
0.000000
0.001113
0.001537
0.000000
0.000000
0.000000
0.000000
0.000000
0.000749
0.000000
0.000535
0.000000
0.000000
0.000828
0.000000
0.000000
0.000000
0.000000
0.000000
0.001407
0.000592
0.000000
0.000000
0.000000
0.000000
0.000000
0.000000
0.000000
0.000000
0.000441
0.000000
0.000000
0.000000
0.000000
0.000000
0.000000
0.000000
0.000000
0.000675
0.000655
0.000000
0.002923
0.000442
0.000000
0.000000
0.000000
0.000000
0.000507
0.000000
0.000000
0.000000
0.000000
0.000852
0.000000
0.000000
0.000000
0.000000
0.000000
0.000000
0.000000
0.000744
0.000000
0.000000
0.000000
0.000000
0.000000
0.000000
0.000912
0.000711
0.000000
0.000551
0.000000
0.000000
0.000000
0.000000
0.000000
0.000000
0.000485
0.000000
0.000000
0.000000
0.000000
0.000000
0.000000
0.000000
0.001002
0.000000
0.000866
0.000000
0.000000
0.000000
0.000000
0.000584
0.000000
0.000000
0.000000
0.000747
0.000730
0.000000
0.000000
0.000000
0.000847
0.000000
0.000000
0.000000
0.000000
0.000724
0.000531
0.000670
0.000000
0.000000
0.000000
0.000000
0.000000
0.000000
0.000000
0.000747
0.000000
0.000000
0.000000
0.000000
0.002516
0.000000
0.000496
0.000000
0.000000
0.000000
0.000000
0.000000
0.001121
0.000000
0.000000
0.000000
0.000000
0.000000
0.000000
0.000534
0.000000
0.000000
0.000000
0.000000
0.000000
0.001649
0.000000
0.000000
0.000000
0.000000
0.000000
0.000000
0.000000
0.000000
0.000560
0.001733
0.000000
0.000721
0.000000
0.000981
0.001031
0.000000
0.000000
0.000472
0.000000
0.000000
0.000000
0.000000
0.000000
0.001475
0.000994
0.000000
0.001635
0.000501
0.000000
0.000000
0.000462
0.000446
0.000515
0.000000
0.000000
0.000000
0.001140
0.000000
0.000000
0.000000
0.000996
0.000598
0.000000
0.000699
0.000000
0.000000
0.000000
0.000516
0.000000
0.001327
0.000000
0.000436
0.000000
0.000000
0.000000
0.000000
0.000487
0.000000
0.000000
0.000571
0.000000
0.000000
0.000000
0.000000
0.000000
0.000000
0.000000
0.000000
0.000000
0.000874
0.000731
0.000936
0.000000
0.000000
0.000787
0.000000
0.000677
0.000000
0.000000
0.000000
0.000000
0.000000
0.000798
0.000000
0.000000
0.000000
0.000000
0.000000
0.000000
0.000624
0.000000
0.000000
0.000000
0.000000
0.000000
0.000000
0.000000
0.000000
0.000000
0.000000
0.000000
0.000000
0.000000
0.000589
0.000000
0.000000
0.000000
0.000000
0.000000
0.000644
0.000000
0.000000
0.000000
0.000000
0.000891
0.000704
0.001170
0.000443
0.000000
0.001439
0.000000
0.000437
0.000468
0.000000
0.000000
0.000000
0.001961
0.000000
0.001203
0.000787
0.000000
0.000000
0.000000
0.000734
0.000608
0.000000
0.000000
0.000000
0.000000
0.001306
0.000000
0.000000
0.000000
0.000000
0.000000
0.000000
0.001240
0.000000
0.000000
0.000000
0.002293
0.000765
0.000000
0.000000
0.000000
0.000000
0.000000
0.000000
0.000437
0.001436
0.000000
0.000000
0.000450
0.000959
0.000708
0.001269
0.000000
0.000000
0.000000
0.000000
0.000000
0.000000
0.001868
0.000983
0.000790
0.000000
0.000000
0.000000
0.000000
0.000000
0.000000
0.001454
0.001055
0.000000
0.000000
0.000000
0.000000
0.000000
0.000000
0.000000
0.000000
0.000000
0.000000
0.000000
0.000000
0.000000
0.001209
0.000000
0.000000
0.001242
0.000000
0.000000
0.000000
0.000548
0.000000
0.000000
0.000000
0.001977
0.000000
0.001463
0.000000
0.000576
0.000000
0.001038
0.000000
0.000000
0.000000
0.000000
0.000493
0.000000
0.000000
0.000000
0.000000
0.000000
0.000000
0.000769
0.000000
0.000000
0.000000
0.000000
0.000000
0.000000
0.000000
0.000000
0.000000
0.000471
0.000000
0.000000
0.000000
0.000000
0.000619
0.000000
0.000000
0.000981
0.000674
0.000000
0.000000
0.000000
0.000000
0.000000
0.000000
0.000000
0.000000
0.000608
0.000000
0.000000
0.000000
0.000000
0.000000
0.000749
0.000000
0.000000
0.000000
0.000591
0.000000
0.001178
0.000000
0.000000
0.000000
0.000535
0.002116
0.000000
0.000000
0.000000
0.000000
0.000000
0.000000
0.000000
0.000000
0.000000
0.000000
0.000000
0.000559
0.000000
0.001366
0.000000
0.000000
0.000000
0.000000
0.000000
0.000000
0.000000
0.000518
0.000607
0.000000
0.000000
0.000626
0.000000
0.000000
0.000000
0.000000
0.000000
0.000000
0.000000
0.000000
0.001727
0.000000
0.000836
0.000000
0.000456
0.000000
0.000000
0.000524
0.000000
0.000000
0.000000
0.001636
0.000000
0.000560
0.000000
0.000901
0.000000
0.000000
0.000000
0.000000
0.000000
0.000000
0.000000
0.000000
0.000000
0.000000
0.000000
0.000000
0.000000
0.000000
0.000000
0.000530
0.001342
0.000000
0.000000
0.000000
0.001135
0.000000
0.000000
0.000000
0.000000
0.000000
0.000000
0.000883
0.000000
0.000000
0.000000
0.001224
0.000000
0.000000
0.000000
0.000000
0.000000
0.001078
0.000000
0.000000
0.001321
0.000000
0.000000
0.000000
0.000000
0.000000
0.000000
0.000000
0.000000
0.000000
0.000000
0.000538
0.000000
0.000918
0.000000
0.000729
0.000000
0.000000
0.000000
0.000000
0.000000
0.000000
0.000000
0.000000
0.000000
0.000000
0.000000
0.000000
0.000000
0.000000
0.000000
0.000000
0.000000
0.000000
0.000000
0.000000
0.000000
0.000000
0.000880
0.000000
0.000000
0.000000
0.000000
0.000784
0.001131
0.000601
0.000000
0.000750
0.001045
0.000000
0.001639
0.000000
0.000000
0.000859
0.000000
0.000548
0.000000
0.000000
0.000000
0.000000
0.000000
0.000000
0.000430
0.001576
0.000741
0.000955
0.001112
0.000000
0.000000
0.000644
0.001777
0.000000
0.000000
0.000000
0.000747
0.001992
0.000808
0.000000
0.000984
0.000000
0.000000
0.000598
0.000000
0.000000
0.000000
0.000000
0.000000
0.000000
0.001020
0.000000
0.000744
0.000000
0.000000
0.001491
0.000000
0.000459
0.001271
0.000484
0.001018
0.000000
0.000000
0.000000
0.001025
0.000000
0.003108
0.000447
0.000000
0.000506
0.000000
0.000000
0.000000
0.000000
0.000737
0.000000
0.000000
0.000000
0.000000
0.000000
0.000861
0.000000
0.000000
0.000000
0.001209
0.001054
0.000000
0.000000
0.000000
0.000614
0.000000
0.000686
0.000000
0.000000
0.000000
0.001126
0.000000
0.000000
0.001298
0.000000
0.000000
0.000000
0.001845
0.000000
0.000000
0.000670
0.000000
0.000000
0.000000
0.000000
0.000000
0.000000
0.000000
0.000000
0.000000
0.000000
0.000000
0.000000
0.000000
0.000727
0.000000
0.000969
0.000000
0.000000
0.000743
0.000000
0.000000
0.000000
0.000000
0.000000
0.001362
0.000000
0.000000
0.000890
0.000000
0.000485
0.000545
0.000736
0.001037
0.052608
0.000628
0.000000
0.000000
0.000704
0.000000
0.000000
0.000000
0.002622
0.000000
0.000000
0.000000
0.000000
0.000000
0.000000
0.000455
0.000898
0.000000
0.000000
0.000000
0.000000
0.000665
0.000000
0.000729
0.000705
0.000000
0.000000
0.000000
0.000000
0.001197
0.000000
0.000604
0.000000
0.000000
0.001189
0.000000
0.000000
0.000000
0.000000
0.000456
0.000000
0.000000
0.000000
0.000000
0.000000
0.000873
0.000000
0.000664
0.000000
0.000000
0.000000
0.000000
0.000000
0.000464
0.000000
0.000000
0.000958
0.001226
0.000000
0.000476
0.000000
0.000000
0.000000
0.000848
0.000000
0.000909
0.000000
0.000000
0.000000
0.000000
0.000000
0.001163
0.000000
0.000000
0.000000
0.000000
0.000000
0.000000
0.000000
0.000000
0.000000
0.000000
0.000000
0.000000
0.000000
0.000000
0.000000
0.000475
0.001110
0.000000
0.001442
0.000897
0.000000
0.000000
0.000000
0.000000
0.000000
0.000000
0.000828
0.000000
0.000900
0.000000
0.000000
0.000000
0.000000
0.000837
0.000000
0.000000
0.000000
0.000000
0.000000
0.000000
0.000634
0.000000
0.000000
0.001283
0.000728
0.000472
0.000664
0.000932
0.000000
0.000000
0.001105
0.000000
0.000000
0.000000
0.000754
0.000000
0.000616
0.000000
0.000000
0.000000
0.000000
0.000000
0.000000
0.000876
0.000000
0.000000
0.000590
0.000000
0.000000
0.000504
0.000000
0.000000
0.000000
0.000000
0.000000
0.000000
0.000000
0.000000
0.000000
0.000000
0.000967
0.000000
0.000000
0.000000
0.000000
0.000000
0.000000
0.001628
0.000628
0.000000
0.000000
0.000000
0.000501
0.000000
0.000000
0.000000
0.000000
0.000000
0.000000
0.000000
0.000000
0.000000
0.000000
0.000000
0.000000
0.000621
0.000000
0.000000
0.000728
0.000000
0.000000
0.000000
0.000000
0.000000
0.000000
0.000000
0.000000
0.001327
0.000000
0.000723
0.000000
0.000572
0.000000
0.000000
0.000866
0.000682
0.000849
0.000000
0.000000
0.000000
0.001164
0.000000
0.000000
0.000000
0.000000
0.002084
0.000459
0.000929
0.001003
0.000000
0.001052
0.000000
0.000000
0.001298
0.000000
0.003255
0.000000
0.000000
0.000585
0.000000
0.000000
0.000672
0.000725
0.000000
0.000000
0.000000
0.000000
0.000946
0.001137
0.000000
0.000000
0.000000
0.000000
0.000000
0.000000
0.000000
0.000000
0.000484
0.000000
0.001245
0.000000
0.000584
0.000000
0.000000
0.000496
0.000605
0.000000
0.000000
0.000000
0.000000
0.000000
0.000575
0.000000
0.000000
0.000000
0.000944
0.000000
0.000000
0.000000
0.000000
0.001127
0.000000
0.000000
0.001751
0.000000
0.000000
0.000000
0.000726
0.000000
0.000638
0.000000
0.000000
0.001405
0.000000
0.000000
0.000000
0.001048
0.000000
0.000000
0.000000
0.000000
0.001189
0.000000
0.000648
0.000000
0.000000
0.000000
0.000000
0.000000
0.000000
0.000000
0.000000
0.000801
0.000000
0.000759
0.000000
0.000000
0.000493
0.001027
0.000000
0.000000
0.000506
0.000000
0.000000
0.001171
0.000000
0.000707
0.000000
0.000674
0.000000
0.000000
0.000000
0.000000
0.000000
0.000000
0.000000
0.000599
0.000000
0.000000
0.000000
0.001864
0.000000
0.001032
0.000000
0.000000
0.000000
0.000649
0.000000
0.000000
0.000000
0.000000
0.000767
0.000681
0.000000
0.001334
0.000000
0.001251
0.000000
0.001259
0.001057
0.000535
0.001861
0.000000
0.000438
0.000523
0.000000
0.000000
0.000000
0.000000
0.001733
0.001013
0.000000
0.000000
0.000000
0.000733
0.000000
0.000000
0.000000
0.000504
0.000000
0.001040
0.000000
0.000732
0.000000
0.000537
0.000000
0.000000
0.000000
0.000679
0.000758
0.000681
0.001136
0.001089
0.000687
0.000000
0.000000
0.000000
0.000742
0.000000
0.000000
0.000000
0.000000
0.001156
0.000000
0.000692
0.000000
0.000971
0.000000
0.000000
0.000000
0.000000
0.000473
0.000000
0.001125
0.000000
0.000439
0.001092
0.001096
0.000000
0.000000
0.000000
0.000000
0.000000
0.000000
0.000000
0.000000
0.000000
0.001111
0.000000
0.000000
0.000000
0.000000
0.001243
0.000919
0.000000
0.000000
0.001331
0.000892
0.000000
0.000000
0.000000
0.000515
0.000000
0.001897
0.000000
0.000000
0.000834
0.000000
0.000955
0.000000
0.000000
0.001074
0.002080
0.000000
0.000000
0.000000
0.000629
0.000889
0.000000
0.000760
0.000000
0.000593
0.000000
0.000000
0.000000
0.000000
0.000000
0.000000
0.000000
0.000000
0.000000
0.000000
0.000000
0.000000
0.000478
0.000000
0.000519
0.000983
0.000000
0.000468
0.000483
0.000000
0.000000
0.000945
0.000963
0.000692
0.000000
0.000000
0.000000
0.000000
0.000000
0.000000
0.000000
0.000000
0.000000
0.000000
0.000887
0.001567
0.000000
0.000855
0.000923
0.000000
0.001512
0.000792
0.000000
0.000537
0.000000
0.000000
0.000000
0.000920
0.000000
0.000000
0.000000
0.000000
0.000000
0.000726
0.000000
0.000000
0.000000
0.000000
0.000000
0.000000
0.000000
0.001012
0.000000
0.000000
0.000000
0.000000
0.000000
0.001287
0.000000
0.000000
0.000000
0.001250
0.000000
0.000889
0.000463
0.000000
0.000832
0.000672
0.000000
0.000000
0.000762
0.000000
0.000000
0.000535
0.000000
0.000459
0.000000
0.000000
0.000817
0.000000
0.000000
0.002070
0.000000
0.000000
0.000000
0.001461
0.000639
0.000518
0.000000
0.000000
0.000000
0.000000
0.000000
0.000441
0.000886
0.000000
0.000584
0.000000
0.000000
0.000000
0.000000
0.000000
0.000000
0.000000
0.000000
0.000512
0.000000
0.000000
0.000000
0.000000
0.000000
0.000000
0.000000
0.000000
0.000000
0.000000
0.001108
0.000000
0.000000
0.000000
0.002401
0.000000
0.000000
0.000000
0.000487
0.000000
0.000000
0.000000
0.000000
0.000000
0.000000
0.000700
0.000000
0.000000
0.000607
0.000000
0.000563
0.000000
0.000000
0.000000
0.000590
0.000000
0.000000
0.000000
0.000518
0.000555
0.000000
0.000000
0.000000
0.000000
0.000000
0.002314
0.000000
0.000825
0.001104
0.000000
0.000000
0.000000
0.000000
0.000000
0.000000
0.000000
0.000000
0.000752
0.000500
0.000000
0.000000
0.000000
0.001106
0.000000
0.000000
0.000000
0.000000
0.000000
0.000000
0.000000
0.000000
0.000000
0.000000
0.000000
0.000478
0.000000
0.000000
0.000000
0.000000
0.000000
0.000000
0.000595
0.000000
0.000576
0.000000
0.000677
0.000000
0.000000
0.000000
0.000000
0.000875
0.000000
0.000000
0.000899
0.000000
0.000000
0.000000
0.000000
0.000000
0.000000
0.000000
0.001399
0.000000
0.001254
0.001056
0.001698
0.001119
0.000000
0.000000
0.000000
0.000438
0.000000
0.001068
0.000529
0.000000
0.000000
0.000561
0.000000
0.000000
0.000000
0.000000
0.000000
0.000000
0.000584
0.000000
0.000000
0.000000
0.000000
0.001262
0.000000
0.000000
0.001202
0.000000
0.001159
0.000995
0.000000
0.000519
0.000000
0.001107
0.000000
0.000547
0.000000
0.000592
0.001233
0.000000
0.000000
0.000000
0.000000
0.000000
0.000000
0.000000
0.000000
0.000000
0.000000
0.000000
0.000000
0.000000
0.000000
0.000000
0.000687
0.000000
0.000000
0.000000
0.000000
0.001306
0.000000
0.000000
0.000000
0.000000
0.000459
0.000000
0.000000
0.000000
0.001457
0.000851
0.000000
0.000980
0.000000
0.000000
0.000000
0.000000
0.000000
0.000000
0.000000
0.000000
0.000000
0.000490
0.000000
0.000000
0.000000
0.000000
0.000000
0.000000
0.000000
0.001085
0.000000
0.000000
0.001019
0.000624
0.000000
0.000667
0.000000
0.000000
0.000000
0.000892
0.000912
0.000000
0.001170
0.000000
0.000000
0.000473
0.000000
0.000000
0.000000
0.001563
0.000000
0.000000
0.000000
0.000000
0.000000
0.000847
0.000000
0.000000
0.000000
0.001484
0.000581
0.000000
0.000000
0.000000
0.001147
0.000000
0.000509
0.000505
0.000000
0.000000
0.000868
0.000000
0.000000
0.000620
0.000000
0.000693
0.000000
0.000000
0.000000
0.000811
0.001535
0.000000
0.000000
0.000493
0.000000
0.000000
0.000000
0.000000
0.000822
0.000685
0.000000
0.000000
0.001378
0.000000
0.000679
0.002267
0.000000
0.000000
0.000000
0.000000
0.000000
0.000000
0.000000
0.000000
0.000000
0.000927
0.001107
0.000000
0.000000
0.000616
0.000000
0.000000
0.000000
0.001408
0.000000
0.000588
0.000000
0.000000
0.002090
0.000000
0.000000
0.000000
0.000000
0.000000
0.000431
0.000000
0.000000
0.000000
0.000000
0.000000
0.000542
0.000000
0.000000
0.000000
0.000000
0.000599
0.000000
0.000000
0.000000
0.000000
0.000563
0.000000
0.000000
0.000000
0.000986
0.000000
0.000000
0.000000
0.000000
0.000000
0.000000
0.000000
0.000000
0.000000
0.000000
0.000916
0.000000
0.000000
0.000532
0.000000
0.000000
0.000486
0.000000
0.000000
0.000540
0.000000
0.000000
0.000000
0.000000
0.000000
0.000750
0.001748
0.000000
0.000000
0.000000
0.000000
0.000558
0.000000
0.000000
0.000000
0.000000
0.000000
0.000000
0.000664
0.000000
0.000000
0.000496
0.000000
0.000000
0.000000
0.000000
0.000000
0.000000
0.000000
0.000000
0.000000
0.000000
0.000000
0.000000
0.000000
0.000561
0.000000
0.000000
0.000000
0.000000
0.000000
0.000000
0.000000
0.000000
0.000000
0.000000
0.001394
0.000912
0.000000
0.000490
0.001217
0.000875
0.000000
0.000000
0.000000
0.000000
0.000000
0.000000
0.000000
0.000000
0.000000
0.000438
0.000000
0.000443
0.000000
0.000000
0.000777
0.000000
0.000000
0.000000
0.000000
0.000000
0.000000
0.000000
0.000000
0.000000
0.000000
0.000000
0.000000
0.000000
0.000000
0.000000
0.000000
0.001063
0.000000
0.000000
0.000000
0.001544
0.000460
0.000000
0.000000
0.000459
0.000000
0.000000
0.001699
0.000000
0.000539
0.000000
0.000000
0.000000
0.000000
0.000000
0.000000
0.000680
0.000869
0.000000
0.000000
0.000000
0.000000
0.000000
0.000000
0.000519
0.000000
0.001471
0.000000
0.000000
0.000677
0.000000
0.000000
0.000000
0.000000
0.001108
0.000000
0.000000
0.000000
0.000000
0.000000
0.000000
0.000000
0.000000
0.000623
0.000000
0.000000
0.000000
0.000000
0.000000
0.000000
0.000000
0.000000
0.000000
0.000000
0.000000
0.000000
0.000946
0.000478
0.000000
0.000477
0.000876
0.000000
0.000000
0.001696
0.000896
0.000000
0.000000
0.000000
0.000777
0.000000
0.000000
0.000000
0.000000
0.000000
0.000000
0.000000
0.000000
0.000000
0.000000
0.000000
0.000000
0.000000
0.000599
0.000000
0.000000
0.000000
0.000000
0.000000
0.001018
0.001528
0.000000
0.000000
0.000000
0.000000
0.000749
0.000000
0.000666
0.000000
0.000000
0.000000
0.000000
0.000000
0.000000
0.000000
0.000935
0.000000
0.000000
0.000000
0.000688
0.000000
0.000871
0.000000
0.000000
0.000000
0.000450
0.000000
0.000000
0.000000
0.000000
0.000000
0.000000
0.000000
0.001730
0.000000
0.000000
0.000000
0.000000
0.000000
0.000000
0.000000
0.000884
0.000000
0.000000
0.000571
0.000000
0.000709
0.000000
0.000000
0.000000
0.000472
0.000673
0.000000
0.000000
0.000000
0.001357
0.000000
0.000000
0.000544
0.000000
0.000000
0.000000
0.000000
0.000000
0.000000
0.000000
0.000000
0.000000
0.000000
0.000000
0.000000
0.000453
0.000000
0.000000
0.000000
0.000000
0.000000
0.000000
0.000863
0.000000
0.000000
0.000000
0.000548
0.000537
0.001711
0.000000
0.000000
0.000647
0.000000
0.000000
0.000000
0.000000
0.000000
0.000000
0.000000
0.000000
0.000000
0.000521
0.000000
0.000000
0.001087
0.000000
0.000000
0.000443
0.000000
0.001403
0.000000
0.000000
0.000874
0.000000
0.000926
0.000000
0.000987
0.000000
0.000000
0.000000
0.000751
0.000000
0.000000
0.000789
0.000000
0.000000
0.000500
0.000000
0.000000
0.000000
0.000000
0.000000
0.000000
0.000528
0.000654
0.000489
0.000000
0.000000
0.000000
0.000000
0.000555
0.000000
0.000000
0.000000
0.000000
0.000000
0.001110
0.000000
0.000000
0.000000
0.000000
0.001009
0.000000
0.000000
0.000000
0.000000
0.000000
0.000632
0.000000
0.000000
0.001541
0.000000
0.000000
0.000000
0.000000
0.000000
0.000000
0.000000
0.000640
0.000000
0.000655
0.000000
0.000000
0.000000
0.000000
0.000742
0.000000
0.000000
0.000000
0.000000
0.000000
0.000930
0.000677
0.000000
0.000000
0.001790
0.000000
0.000000
0.000545
0.000470
0.000971
0.000000
0.000000
0.000462
0.000000
0.000000
0.000000
0.000000
0.000000
0.000940
0.000776
0.000000
0.000000
0.000000
0.000000
0.000000
0.000558
0.000000
0.000579
0.000000
0.000000
0.000000
0.000000
0.000000
0.000000
0.000730
0.001524
0.000842
0.000000
0.001129
0.000000
0.000000
0.000000
0.000505
0.000000
0.000465
0.001060
0.000000
0.000000
0.000000
0.000000
0.000000
0.000000
0.000915
0.000973
0.000000
0.000000
0.000000
0.000000
0.000938
0.000727
0.000000
0.000000
0.000000
0.000000
0.000000
0.000000
0.000000
0.000492
0.000000
0.000000
0.000000
0.000000
0.000000
0.000000
0.000000
0.000000
0.000000
0.000000
0.001408
0.000000
0.000000
0.000000
0.000000
0.000000
0.000872
0.000000
0.000000
0.000000
0.000638
0.000000
0.000000
0.001203
0.000587
0.000000
0.000000
0.001207
0.000000
0.000000
0.000000
0.000000
0.000430
0.000000
0.000000
0.000618
0.000964
0.000000
0.000000
0.000000
0.000000
0.000000
0.000000
0.000000
0.000000
0.000000
0.000580
0.000000
0.001469
0.000655
0.000000
0.000789
0.000000
0.001271
0.000000
0.001318
0.000000
0.001557
0.000000
0.000000
0.000775
0.000000
0.000441
0.000000
0.000651
0.000000
0.000918
0.000000
0.000000
0.000000
0.000000
0.000000
0.000000
0.000527
0.000000
0.000000
0.000000
0.001213
0.000000
0.000000
0.000000
0.000652
0.000000
0.000000
0.000000
0.000500
0.000603
0.000000
0.000660
0.000000
0.000000
0.000000
0.000000
0.000000
0.000000
0.000000
0.000000
0.000802
0.000000
0.000741
0.000000
0.000000
0.000000
0.000000
0.000732
0.000000
0.000000
0.000000
0.000468
0.000000
0.000000
0.000911
0.001052
0.001340
0.000000
0.000000
0.001217
0.000000
0.000000
0.000000
0.000000
0.000000
0.000774
0.000000
0.000000
0.000000
0.001738
0.000000
0.000000
0.001223
0.000000
0.000000
0.000000
0.000000
0.000587
0.000000
0.000000
0.000000
0.000000
0.000949
0.000000
0.000000
0.000000
0.000714
0.000000
0.000000
0.000000
0.000000
0.000000
0.000493
0.000000
0.000000
0.001407
0.000000
0.000000
0.000000
0.001157
0.000000
0.000000
0.001067
0.000000
0.000000
0.000000
0.000000
0.000000
0.000000
0.000000
0.000000
0.000000
0.000000
0.000000
0.000000
0.000531
0.000000
0.000000
0.000000
0.000604
0.000000
0.000000
0.000549
0.000000
0.000000
0.000000
0.000000
0.001883
0.000000
0.000000
0.000000
0.000000
0.000000
0.000645
0.000000
0.000000
0.001049
0.000000
0.001495
0.000000
0.000000
0.000000
0.000465
0.000525
0.000979
0.000000
0.000000
0.000000
0.000000
0.000969
0.000000
0.000000
0.002283
0.000000
0.000000
0.000000
0.000000
0.000000
0.000000
0.000000
0.000880
0.000000
0.000000
0.000000
0.000000
0.000000
0.000931
0.000000
0.000000
0.000000
0.000581
0.000000
0.000551
0.000000
0.000633
0.000000
0.000000
0.000000
0.000000
0.000000
0.000000
0.000000
0.000000
0.000000
0.000649
0.000000
0.000000
0.000000
0.000539
0.000603
0.001402
0.000000
0.001895
0.000603
0.000000
0.001367
0.000875
0.000000
0.000519
0.000602
0.000479
0.000000
0.000000
0.000000
0.001643
0.000000
0.000000
0.000000
0.000773
0.000000
0.000000
0.001389
0.000000
0.000000
0.000000
0.000000
0.000000
0.000000
0.001310
0.000000
0.000570
0.000000
0.001670
0.000713
0.000000
0.000000
0.000000
0.002304
0.000000
0.000645
0.000000
0.000000
0.000537
0.000000
0.000000
0.000523
0.000473
0.000000
0.000000
0.001696
0.000000
0.000000
0.000000
0.000000
0.000000
0.000000
0.000000
0.000000
0.000000
0.000000
0.000000
0.000000
0.000000
0.000000
0.001926
0.000000
0.000633
0.000000
0.000000
0.000000
0.001156
0.000000
0.000000
0.000000
0.001245
0.000000
0.000000
0.000613
0.000716
0.000000
0.000000
0.000000
0.000000
0.000000
0.000000
0.000000
0.000000
0.000000
0.000000
0.000478
0.000618
0.000000
0.000000
0.001216
0.000622
0.000000
0.000000
0.000994
0.000858
0.000000
0.000000
0.000000
0.000823
0.000000
0.000000
0.001051
0.001156
0.000000
0.000000
0.000747
0.000000
0.000000
0.000000
0.000000
0.000000
0.000456
0.000518
0.000000
0.000000
0.000599
0.000000
0.000000
0.001188
0.000751
0.000723
0.000722
0.000000
0.000479
0.000000
0.000000
0.000502
0.000708
0.000588
0.000000
0.001364
0.000000
0.000514
0.000000
0.000000
0.000000
0.000000
0.000905
0.000555
0.000000
0.000000
0.000000
0.000000
0.000000
0.000000
0.000000
0.000000
0.000000
0.000000
0.000000
0.000000
0.000000
0.000000
0.000000
0.000873
0.000000
0.000578
0.000713
0.000000
0.000000
0.000000
0.000000
0.000598
0.000000
0.000000
0.000000
0.000000
0.000705
0.000000
0.001313
0.000437
0.001036
0.000000
0.000000
0.000000
0.001487
0.000617
0.000000
0.000000
0.000000
0.000000
0.000000
0.000000
0.001500
0.000660
0.001057
0.000000
0.000000
0.000000
0.000000
0.000000
0.000000
0.000689
0.000000
0.000919
0.000000
0.000000
0.000000
0.000000
0.000000
0.000000
0.000000
0.000000
0.000554
0.000000
0.000000
0.000899
0.000000
0.001250
0.000445
0.000000
0.000000
0.000000
0.000000
0.000638
0.000000
0.000000
0.001225
0.000000
0.000508
0.000000
0.000000
0.000000
0.000000
0.000000
0.002373
0.000000
0.000000
0.000000
0.000000
0.000000
0.000000
0.001474
0.000000
0.000000
0.000000
0.000000
0.000000
0.001062
0.000000
0.000000
0.000463
0.000000
0.000000
0.001040
0.000600
0.000505
0.000937
0.000000
0.000000
0.000000
0.000000
0.000000
0.000000
0.000000
0.000000
0.000000
0.000000
0.000000
0.000000
0.000000
0.000000
0.002327
0.000000
0.000000
0.000770
0.001312
0.000465
0.000000
0.000000
0.000000
0.000000
0.002076
0.000775
0.000000
0.001691
0.000000
0.000814
0.000000
0.000000
0.000000
0.000000
0.001814
0.000000
0.000000
0.000000
0.000000
0.000000
0.000000
0.001674
0.000000
0.000877
0.000000
0.000000
0.000000
0.000000
0.000000
0.000000
0.000695
0.001230
0.000475
0.000000
0.000000
0.000000
0.000000
0.000000
0.000000
0.001057
0.000718
0.000000
0.000000
0.000000
0.000674
0.000000
0.000000
0.000000
0.000000
0.000000
0.000452
0.000000
0.000000
0.000000
0.000000
0.000000
0.000000
0.000000
0.000000
0.000000
0.000000
0.000000
0.001379
0.000000
0.000000
0.000584
0.000472
0.001382
0.000000
0.000000
0.000000
0.000000
0.000000
0.000000
0.001310
0.000000
0.000000
0.000452
0.000000
0.000719
0.000000
0.000000
0.000000
0.000000
0.000000
0.000000
0.000000
0.000000
0.000994
0.000000
0.000000
0.000000
0.000000
0.000000
0.000000
0.000927
0.000000
0.000000
0.000000
0.000707
0.000539
0.000000
0.000000
0.000000
0.000000
0.000000
0.000000
0.000000
0.000000
0.000000
0.000000
0.000000
0.000000
0.000000
0.000000
0.000000
0.000000
0.000815
0.000000
0.001074
0.000000
0.000000
0.000000
0.000000
0.000833
0.000000
0.000000
0.000000
0.000516
0.000000
0.000000
0.000000
0.000000
0.000000
0.000000
0.000000
0.000000
0.000000
0.000000
0.000000
0.000527
0.001122
0.000899
0.000000
0.000000
0.000000
0.000000
0.000000
0.000000
0.000000
0.000000
0.000000
0.000665
0.000988
0.000000
0.000000
0.000000
0.000000
0.000000
0.000000
0.002269
0.000000
0.000000
0.000000
0.000000
0.000000
0.000000
0.000000
0.000000
0.000000
0.000000
0.000647
0.000871
0.000000
0.000000
0.000000
0.001382
0.000000
0.000000
0.000000
0.000000
0.001081
0.000000
0.000000
0.002012
0.001293
0.000708
0.000000
0.000000
0.001488
0.000000
0.000764
0.000000
0.000000
0.000000
0.000000
0.000000
0.000000
0.001276
0.000000
0.000668
0.001691
0.000671
0.000000
0.000000
0.000522
0.000000
0.000000
0.000486
0.000890
0.000000
0.000000
0.000000
0.000000
0.000791
0.000000
0.000000
0.001328
0.000000
0.000701
0.000777
0.000931
0.000000
0.000729
0.000000
0.000000
0.000000
0.000000
0.000797
0.000000
0.000779
0.000000
0.000000
0.000000
0.000000
0.000000
0.000000
0.000971
0.000507
0.000000
0.000718
0.000000
0.000000
0.000000
0.000000
0.000000
0.000000
0.000879
0.000910
0.000535
0.000000
0.000000
0.000000
0.000692
0.000000
0.000000
0.000000
0.000000
0.000000
0.000000
0.000000
0.000000
0.000000
0.001453
0.000000
0.000000
0.000000
0.000674
0.000955
0.000000
0.000872
0.000000
0.000000
0.002155
0.000000
0.000000
0.000000
0.000000
0.000000
0.000000
0.000000
0.000000
0.000000
0.000000
0.000000
0.000000
0.000000
0.000000
0.000000
0.000000
0.000000
0.000934
0.000000
0.000460
0.000000
0.000000
0.000000
0.000000
0.000000
0.000717
0.000000
0.000000
0.000000
0.000000
0.000000
0.000000
0.000856
0.000000
0.000000
0.000000
0.001562
0.000000
0.000750
0.000000
0.000000
0.000722
0.000000
0.000000
0.000000
0.000801
0.000000
0.000000
0.000000
0.000000
0.000000
0.000000
0.000000
0.000628
0.000833
0.000000
0.000000
0.000000
0.000655
0.000951
0.000000
0.001076
0.000543
0.000000
0.000000
0.000000
0.000000
0.000000
0.000000
0.000000
0.000000
0.000000
0.000000
0.000000
0.000000
0.000603
0.000000
0.000000
0.001063
0.000000
0.000000
0.001373
0.000000
0.000000
0.000000
0.000000
0.000000
0.000000
0.000000
0.000000
0.000000
0.000000
0.000000
0.000000
0.000000
0.000000
0.000000
0.000000
0.000000
0.001020
0.000000
0.001559
0.000000
0.000000
0.001011
0.000000
0.000000
0.000000
0.000000
0.001163
0.000000
0.000000
0.000929
0.000000
0.000000
0.000588
0.000000
0.000000
0.001052
0.000000
0.000000
0.000000
0.000544
0.000000
0.000000
0.001271
0.000559
0.000000
0.000000
0.000000
0.000000
0.000000
0.000000
0.000000
0.000000
0.000000
0.000000
0.000000
0.000000
0.001149
0.000000
0.000000
0.000000
0.000000
0.000815
0.000000
0.000000
0.000000
0.000825
0.000000
0.000786
0.000605
0.000000
0.000000
0.000000
0.000000
0.000539
0.000000
0.000000
0.000637
0.000000
0.000791
0.001435
0.000000
0.000000
0.000000
0.000000
0.000685
0.000000
0.000601
0.000000
0.000000
0.000895
0.000000
0.000000
0.000000
0.000000
0.000000
0.000000
0.000624
0.000000
0.000000
0.000000
0.000000
0.000000
0.000000
0.000000
0.000000
0.000000
0.000000
0.000000
0.000721
0.000000
0.000711
0.000000
0.000618
0.000000
0.000471
0.000711
0.000740
0.000000
0.000000
0.000000
0.000000
0.000000
0.000000
0.000000
0.000000
0.000000
0.000000
0.000000
0.000000
0.000473
0.001089
0.000725
0.000909
0.000000
0.000000
0.000655
0.000000
0.000000
0.000478
0.000000
0.000000
0.001095
0.001212
0.000000
0.000000
0.000499
0.000691
0.000000
0.000000
0.000000
0.000000
0.000805
0.000000
0.000000
0.000000
0.000000
0.000000
0.000000
0.000000
0.000000
0.000000
0.000000
0.000000
0.000000
0.000000
0.000000
0.000807
0.000000
0.000000
0.000000
0.000000
0.000932
0.000578
0.000000
0.000000
0.000000
0.000000
0.000000
0.000000
0.000540
0.000474
0.000000
0.000000
0.000000
0.000000
0.000000
0.000000
0.000000
0.000000
0.000000
0.000000
0.000000
0.000000
0.000000
0.000592
0.000000
0.000000
0.000000
0.000000
0.000000
0.000720
0.000000
0.000552
0.000000
0.000000
0.000000
0.000000
0.001060
0.000000
0.000000
0.000000
0.000000
0.000000
0.000000
0.000000
0.000515
0.000723
0.000000
0.000000
0.000000
0.000000
0.000954
0.000468
0.000000
0.001330
0.000000
0.000000
0.000000
0.000000
0.000000
0.000000
0.000000
0.000000
0.000000
0.000000
0.000000
0.000000
0.000506
0.000000
0.000529
0.000000
0.000000
0.000469
0.000000
0.000000
0.000000
0.000775
0.000000
0.000000
0.000000
0.000000
0.000000
0.000643
0.000000
0.000000
0.000000
0.000000
0.000000
0.000695
0.000000
0.000000
0.001472
0.000644
0.000000
0.000000
0.000000
0.000000
0.000000
0.001509
0.000000
0.001331
0.000000
0.000000
0.001459
0.000000
0.000000
0.000000
0.000000
0.000000
0.000000
0.000520
0.000472
0.000000
0.000000
0.000000
0.000000
0.000000
0.000000
0.000000
0.000000
0.001012
0.000000
0.000926
0.000000
0.000000
0.001060
0.000000
0.000000
0.000000
0.000000
0.000000
0.000000
0.000000
0.001482
0.000000
0.000000
0.000000
0.000000
0.000000
0.000000
0.000000
0.000000
0.000552
0.000000
0.000000
0.000000
0.000526
0.000000
0.000000
0.000983
0.000674
0.000000
0.000000
0.000000
0.000000
0.000000
0.000000
0.000000
0.000000
0.000000
0.000000
0.000000
0.001197
0.000000
0.000000
0.000000
0.000000
0.000000
0.000000
0.000000
0.000000
0.000000
0.000000
0.000919
0.000000
0.000000
0.000000
0.000000
0.000000
0.000682
0.000520
0.000498
0.000930
0.000000
0.000000
0.000000
0.000000
0.000000
0.000000
0.000000
0.000000
0.000000
0.000000
0.001198
0.000000
0.000000
0.000000
0.000000
0.000000
0.000832
0.000000
0.000000
0.000000
0.000000
0.000000
0.000000
0.000000
0.000873
0.000000
0.001054
0.000000
0.000000
0.000000
0.000000
0.000000
0.000000
0.001706
0.000000
0.000000
0.000000
0.000000
0.000000
0.000000
0.001174
0.000788
0.000000
0.000000
0.000000
0.000000
0.000675
0.000000
0.000000
0.000000
0.000000
0.000000
0.000912
0.000000
0.000710
0.000000
0.000000
0.000000
0.000000
0.000000
0.000000
0.000000
0.000000
0.000000
0.000000
0.000000
0.000000
0.000922
0.000000
0.000000
0.001344
0.000000
0.001173
0.000894
0.000000
0.000000
0.000000
0.000774
0.000000
0.000000
0.000708
0.000000
0.000000
0.000000
0.000000
0.000000
0.000000
0.000000
0.000744
0.000000
0.000000
0.000000
0.000000
0.000000
0.000000
0.000000
0.000000
0.000000
0.000000
0.000000
0.000000
0.000000
0.000000
0.000000
0.000000
0.000766
0.000000
0.000000
0.001197
0.000000
0.000000
0.000000
0.000000
0.000873
0.000000
0.000000
0.000000
0.001026
0.000000
0.000000
0.000000
0.000000
0.000000
0.000000
0.001536
0.000000
0.000000
0.000000
0.000000
0.000000
0.000000
0.000506
0.000000
0.000000
0.000000
0.000000
0.000000
0.000930
0.000752
0.000000
0.000000
0.000000
0.000805
0.001223
0.000000
0.000000
0.000000
0.000000
0.000000
0.000000
0.000000
0.000000
0.000988
0.000000
0.000000
0.000000
0.000000
0.000528
0.000448
0.000000
0.000000
0.000000
0.000000
0.000000
0.000000
0.000000
0.000000
0.000000
0.000000
0.000000
0.000000
0.000000
0.000921
0.000000
0.000000
0.000000
0.000000
0.000000
0.001848
0.000661
0.000540
0.000000
0.000000
0.001096
0.000000
0.000000
0.000000
0.000000
0.000000
0.000000
0.000000
0.000000
0.000000
0.000000
0.000523
0.000741
0.000000
0.002699
0.000000
0.000000
0.000000
0.000000
0.000000
0.000000
0.000000
0.000000
0.000839
0.000000
0.000000
0.000000
0.000000
0.000512
0.001608
0.000990
0.000483
0.000000
0.000000
0.000000
0.000764
0.000000
0.000589
0.000810
0.000000
0.000000
0.000000
0.000559
0.000000
0.000000
0.000528
0.000000
0.000000
0.000000
0.000000
0.000000
0.000498
0.000000
0.000000
0.000000
0.000000
0.000573
0.001200
0.000000
0.000000
0.000508
0.000000
0.000000
0.000000
0.000000
0.000000
0.000965
0.000000
0.000000
0.000622
0.000871
0.000000
0.000000
0.000000
0.000000
0.000000
0.000000
0.002054
0.001259
0.000000
0.000000
0.000719
0.001016
0.000000
0.001117
0.000565
0.000000
0.001218
0.001499
0.000000
0.000705
0.000000
0.000000
0.000677
0.000000
0.000440
0.000000
0.000000
0.000000
0.000000
0.000970
0.000000
0.000000
0.001219
0.000765
0.000000
0.000000
0.000000
0.000000
0.000913
0.000000
0.000000
0.000619
0.001054
0.000000
0.000000
0.000000
0.000000
0.000660
0.000515
0.000000
0.000000
0.000000
0.000000
0.000000
0.000000
0.000000
0.000000
0.000457
0.000000
0.000000
0.000000
0.000000
0.000000
0.000000
0.000000
0.001452
0.000000
0.000000
0.000000
0.000000
0.000811
0.000000
0.000000
0.000445
0.000000
0.000000
0.000696
0.000000
0.000000
0.000000
0.000596
0.000000
0.000000
0.000000
0.000000
0.000000
0.000000
0.001335
0.000635
0.000000
0.000000
0.000000
0.000941
0.000855
0.001226
0.000000
0.000000
0.000000
0.000944
0.000000
0.000545
0.000000
0.000000
0.000000
0.000000
0.000000
0.000000
0.001219
0.000000
0.000897
0.000000
0.000550
0.000000
0.000000
0.000000
0.000000
0.000000
0.000000
0.001148
0.000000
0.000865
0.000000
0.001215
0.000000
0.000000
0.000000
0.000000
0.000000
0.000995
0.000000
0.000621
0.000000
0.000000
0.000000
0.000000
0.000000
0.000000
0.000518
0.000000
0.000000
0.000000
0.000000
0.000000
0.000000
0.000000
0.000000
0.000000
0.000000
0.000000
0.000000
0.000626
0.001042
0.000000
0.000000
0.000000
0.000000
0.000000
0.000000
0.000000
0.000000
0.000000
0.000000
0.000000
0.000000
0.000000
0.000541
0.000000
0.000000
0.000000
0.000000
0.000000
0.000000
0.000000
0.000000
0.000605
0.000000
0.000000
0.000000
0.000000
0.000000
0.000000
0.000000
0.000000
0.001483
0.001768
0.000000
0.000000
0.000000
0.000974
0.000000
0.000728
0.000000
0.000000
0.000756
0.000000
0.000802
0.001264
0.000000
0.000000
0.000475
0.000818
0.000766
0.000000
0.000000
0.000000
0.000437
0.000000
0.000511
0.000000
0.000000
0.000000
0.000000
0.000767
0.000000
0.000000
0.000000
0.000000
0.000000
0.000912
0.000000
0.000715
0.000000
0.000000
0.000000
0.000687
0.000000
0.000000
0.001858
0.000000
0.000000
0.000725
0.000000
0.000000
0.000000
0.000000
0.000620
0.000474
0.000000
0.001020
0.000000
0.000000
0.001620
0.000000
0.000497
0.000762
0.000000
0.000000
0.000000
0.000000
0.000000
0.000000
0.000000
0.000587
0.000000
0.000000
0.000000
0.000000
0.000000
0.000000
0.000862
0.000000
0.000000
0.001073
0.000000
0.000000
0.000000
0.000000
0.000000
0.000000
0.001001
0.000000
0.000451
0.000000
0.000903
0.000801
0.000000
0.000475
0.000000
0.000000
0.000824
0.000000
0.000000
0.000636
0.000000
0.000000
0.000000
0.000000
0.000000
0.000000
0.000000
0.000000
0.000000
0.000000
0.000000
0.000000
0.001012
0.000828
0.000000
0.000000
0.000000
0.001237
0.000000
0.000765
0.000000
0.000000
0.000000
0.000704
0.001030
0.000000
0.000000
0.000000
0.000000
0.000701
0.000000
0.000000
0.000000
0.000000
0.000000
0.000000
0.000000
0.001505
0.000000
0.001598
0.000000
0.000576
0.000000
0.000877
0.001379
0.000000
0.001224
0.000000
0.000563
0.000000
0.000000
0.000000
0.000628
0.000000
0.000000
0.001016
0.000000
0.000000
0.000642
0.001232
0.000000
0.001141
0.000000
0.000000
0.000643
0.000000
0.000000
0.001098
0.000000
0.000000
0.000801
0.000000
0.000000
0.000000
0.000000
0.000000
0.000437
0.000000
0.000000
0.000000
0.000000
0.000885
0.000577
0.000000
0.001124
0.000000
0.000000
0.000000
0.001141
0.000000
0.000000
0.000589
0.000617
0.000000
0.000000
0.000000
0.000000
0.000000
0.000000
0.000000
0.000000
0.000000
0.001959
0.000000
0.000000
0.000000
0.000000
0.000000
0.000000
0.000526
0.000000
0.000000
0.000000
0.000000
0.001276
0.000000
0.000000
0.001115
0.000000
0.000000
