0.000000
0.000000
0.000000
0.000000
0.000883
0.000000
0.000000
0.000000
0.001334
0.000000
0.000000
0.000000
0.000000
0.001020
0.000000
0.000000
0.000000
0.001145
0.000000
0.000000
0.000000
0.003500
0.000000
0.001415
0.000000
0.000000
0.001228
0.000000
0.000000
0.002677
0.003411
0.000000
0.001540
0.000000
0.000000
0.000000
0.000000
0.000783
0.000000
0.001001
0.000000
0.000000
0.000000
0.000000
0.000000
0.000000
0.000871
0.000000
0.000000
0.000000
0.000000
0.000000
0.000970
0.000759
0.001169
0.000000
0.001344
0.001799
0.000000
0.000000
0.000000
0.000000
0.000000
0.000948
0.000000
0.000000
0.000000
0.000000
0.000000
0.000000
0.000000
0.000000
0.000000
0.000000
0.001533
0.000000
0.000000
0.000000
0.000000
0.000000
0.000000
0.000000
0.000000
0.000000
0.000000
0.000000
0.000000
0.000000
0.000000
0.000000
0.000000
0.000000
0.000000
0.001112
0.000000
0.000000
0.003160
0.000000
0.000000
0.000000
0.000000
0.000000
0.000000
0.000000
0.000000
0.000000
0.000000
0.001185
0.000000
0.000000
0.000000
0.000000
0.000000
0.000000
0.000000
0.001099
0.000000
0.000000
0.000000
0.000000
0.000000
0.000000
0.000966
0.001060
0.000000
0.000000
0.000000
0.000000
0.000000
0.000000
0.000000
0.000000
0.000000
0.000000
0.000000
0.000000
0.000000
0.000000
0.000000
0.000000
0.000967
0.000000
0.001071
0.000000
0.000000
0.000000
0.000000
0.000817
0.000000
0.000000
0.000000
0.000000
0.001051
0.000000
0.000000
0.000000
0.000947
0.000000
0.000000
0.000000
0.000000
0.000942
0.000000
0.000736
0.000000
0.000000
0.000000
0.000795
0.000000
0.000000
0.000000
0.000883
0.000000
0.000741
0.000000
0.000000
0.002883
0.000000
0.000000
0.000000
0.000000
0.000000
0.000000
0.000000
0.001118
0.000000
0.000000
0.000000
0.000000
0.000000
0.000000
0.000000
0.000000
0.000000
0.000000
0.000000
0.000000
0.002091
0.000000
0.000000
0.000000
0.000000
0.000000
0.000000
0.000000
0.000000
0.000000
0.001678
0.000000
0.001021
0.000000
0.000000
0.001059
0.000000
0.000000
0.000000
0.000000
0.000000
0.000000
0.000000
0.000000
0.002366
0.001135
0.000000
0.001887
0.000000
0.000000
0.000000
0.000000
0.000774
0.000874
0.000000
0.000000
0.000000
0.001049
0.000000
0.000000
0.000000
0.001103
0.000000
0.000000
0.000923
0.000000
0.000000
0.000000
0.000000
0.000000
0.001544
0.000000
0.000733
0.000000
0.000000
0.000000
0.000000
0.000815
0.000000
0.000000
0.000000
0.000000
0.000000
0.000000
0.000000
0.000000
0.000000
0.000000
0.000000
0.000000
0.000832
0.000000
0.001188
0.000000
0.000000
0.001078
0.000000
0.000930
0.000000
0.000000
0.000000
0.000000
0.000000
0.000857
0.000000
0.000000
0.000000
0.000000
0.000000
0.000000
0.001031
0.000000
0.000000
0.000000
0.000000
0.000000
0.000000
0.000000
0.000000
0.000000
0.000000
0.000000
0.000000
0.000000
0.000000
0.000000
0.000000
0.000000
0.000000
0.000000
0.001072
0.000000
0.000000
0.000000
0.000000
0.001386
0.000854
0.001460
0.000000
0.000000
0.001930
0.000000
0.000000
0.000000
0.000000
0.000000
0.000000
0.002038
0.000000
0.001100
0.000000
0.000000
0.001002
0.000000
0.000000
0.000000
0.000000
0.000000
0.000000
0.000000
0.001358
0.000000
0.000000
0.000000
0.000000
0.000000
0.000000
0.001329
0.000000
0.000000
0.000000
0.002480
0.000876
0.000000
0.000000
0.000000
0.000000
0.000000
0.000000
0.000000
0.001566
0.000000
0.000000
0.000000
0.001252
0.001042
0.001285
0.000000
0.000000
0.000000
0.000000
0.000000
0.000000
0.001937
0.001128
0.000863
0.000000
0.000000
0.000000
0.000000
0.000000
0.000000
0.002154
0.000867
0.000000
0.000000
0.000000
0.000000
0.000000
0.000000
0.000000
0.000000
0.000000
0.000000
0.000000
0.000000
0.000000
0.001389
0.000000
0.000000
0.001342
0.000807
0.000000
0.000000
0.001014
0.000000
0.000000
0.000000
0.002747
0.000000
0.001697
0.000000
0.000775
0.000000
0.001221
0.000000
0.000000
0.000000
0.000000
0.000776
0.000000
0.000000
0.000000
0.000000
0.000000
0.000000
0.000000
0.000000
0.000000
0.000000
0.000000
0.000000
0.000000
0.000000
0.000000
0.000000
0.000835
0.000000
0.000000
0.000000
0.000000
0.000000
0.000000
0.000000
0.000859
0.000830
0.000000
0.000000
0.000000
0.000000
0.000000
0.000000
0.000000
0.000000
0.000757
0.000000
0.000000
0.000000
0.000000
0.000000
0.000000
0.000000
0.000000
0.000000
0.000000
0.000000
0.001535
0.000000
0.000000
0.000000
0.000000
0.002209
0.000000
0.000000
0.000000
0.000000
0.000000
0.000000
0.000000
0.000000
0.000000
0.000000
0.000000
0.000979
0.000000
0.001784
0.000000
0.000000
0.000000
0.000000
0.000000
0.000000
0.000000
0.000756
0.000879
0.000000
0.000000
0.000000
0.000000
0.000000
0.000000
0.000000
0.000000
0.000000
0.000000
0.000000
0.001736
0.000000
0.001334
0.000000
0.000000
0.000000
0.000000
0.000000
0.000000
0.000000
0.000000
0.001240
0.000000
0.001263
0.000000
0.001194
0.000000
0.000000
0.000000
0.000000
0.000000
0.000000
0.000000
0.000000
0.000000
0.000000
0.000000
0.000000
0.000000
0.000000
0.000000
0.000000
0.001628
0.000000
0.000000
0.000000
0.001263
0.000000
0.000000
0.000000
0.000000
0.000000
0.000000
0.001355
0.000000
0.000000
0.000000
0.000936
0.000000
0.000000
0.000000
0.000000
0.000000
0.001033
0.000000
0.000000
0.001292
0.000000
0.000000
0.000000
0.000000
0.000000
0.000000
0.000000
0.000000
0.000000
0.000000
0.000000
0.000000
0.001056
0.000000
0.000000
0.000000
0.000000
0.000000
0.000000
0.000000
0.000000
0.000000
0.000000
0.000000
0.000000
0.000000
0.000000
0.000000
0.000000
0.000000
0.000000
0.000000
0.000000
0.000000
0.000000
0.000000
0.000000
0.001095
0.000000
0.000000
0.000000
0.000000
0.000791
0.001490
0.000806
0.000000
0.000819
0.001352
0.000000
0.001556
0.000000
0.000000
0.001067
0.000000
0.000000
0.000000
0.000000
0.000000
0.000000
0.000000
0.000000
0.000000
0.001786
0.000000
0.001065
0.001534
0.000000
0.000000
0.000765
0.001503
0.000000
0.000000
0.000000
0.000878
0.002401
0.000780
0.000000
0.001081
0.000000
0.000000
0.000000
0.000000
0.000000
0.000000
0.000000
0.000000
0.000000
0.001058
0.000000
0.000000
0.000000
0.000000
0.001911
0.000000
0.000000
0.000878
0.000000
0.000000
0.000000
0.000000
0.000000
0.001289
0.000000
0.004073
0.000000
0.000000
0.000000
0.000000
0.000000
0.000000
0.000000
0.000000
0.000000
0.000000
0.000000
0.000000
0.000000
0.001034
0.000000
0.000000
0.000000
0.001124
0.001654
0.000000
0.000000
0.000000
0.000778
0.000000
0.000000
0.000000
0.000000
0.000000
0.001116
0.000000
0.000000
0.001404
0.000000
0.000000
0.000000
0.001840
0.000000
0.000000
0.001118
0.000000
0.000000
0.000000
0.000000
0.000000
0.000000
0.000000
0.000000
0.000000
0.000000
0.000000
0.000000
0.000000
0.001000
0.000000
0.000931
0.000000
0.000000
0.001297
0.000000
0.000000
0.000000
0.000000
0.000000
0.001507
0.000000
0.000000
0.001285
0.000000
0.000000
0.000871
0.001258
0.001461
0.072031
0.000000
0.000000
0.000000
0.001063
0.000000
0.000000
0.000000
0.002750
0.000000
0.000000
0.000000
0.000000
0.000000
0.000000
0.000944
0.000884
0.000000
0.000000
0.000000
0.000000
0.000774
0.000000
0.001528
0.000000
0.000000
0.000000
0.000000
0.000000
0.000923
0.000000
0.000000
0.000000
0.000000
0.001805
0.000000
0.000000
0.000000
0.000000
0.000855
0.000000
0.000000
0.000000
0.000000
0.000000
0.001078
0.000000
0.000945
0.000000
0.000000
0.000000
0.000000
0.000000
0.000000
0.000000
0.000000
0.001010
0.001899
0.000000
0.000000
0.000000
0.000000
0.000000
0.000918
0.000000
0.001614
0.000000
0.000000
0.000000
0.000000
0.000000
0.001616
0.000000
0.000000
0.000000
0.000000
0.000000
0.000000
0.000000
0.000000
0.000000
0.000000
0.000000
0.000000
0.000000
0.000000
0.000000
0.000000
0.001008
0.000000
0.001669
0.001267
0.000000
0.000000
0.000000
0.000000
0.000000
0.000000
0.001158
0.000000
0.001163
0.000000
0.000000
0.000000
0.000000
0.000892
0.000000
0.000000
0.000000
0.000000
0.000000
0.000000
0.000754
0.000000
0.000000
0.001859
0.001196
0.000000
0.000000
0.001544
0.000000
0.000000
0.001715
0.000000
0.000000
0.000000
0.000757
0.000000
0.000000
0.000000
0.000000
0.000000
0.000000
0.000000
0.000000
0.001022
0.000000
0.000000
0.000000
0.000000
0.000000
0.000000
0.000000
0.001287
0.000000
0.000000
0.000000
0.000000
0.000000
0.000000
0.000000
0.000000
0.000881
0.000000
0.000000
0.000000
0.000000
0.000000
0.000000
0.001859
0.000000
0.000000
0.000000
0.000000
0.000000
0.000000
0.000000
0.000000
0.000000
0.000000
0.000000
0.000000
0.000000
0.000000
0.000000
0.000000
0.000000
0.000000
0.000000
0.000000
0.000812
0.000000
0.000000
0.000000
0.000000
0.000000
0.000000
0.000000
0.000000
0.001149
0.000000
0.000813
0.000000
0.000000
0.000000
0.000000
0.000789
0.000000
0.000000
0.000000
0.000000
0.000000
0.001578
0.000000
0.000000
0.000000
0.000000
0.002563
0.000000
0.001017
0.001828
0.000000
0.001161
0.000000
0.000000
0.001324
0.000000
0.003606
0.000000
0.000000
0.000000
0.000000
0.000000
0.000875
0.000000
0.000000
0.000000
0.000000
0.000000
0.001513
0.001601
0.000000
0.000000
0.000000
0.000000
0.000000
0.000000
0.000000
0.000000
0.000855
0.000000
0.001627
0.000000
0.000000
0.000000
0.000000
0.000000
0.000836
0.000000
0.000000
0.000000
0.000000
0.000000
0.000000
0.000000
0.000000
0.000000
0.001177
0.000000
0.000000
0.000000
0.000000
0.001207
0.000000
0.000000
0.002614
0.000000
0.000000
0.000000
0.001087
0.000000
0.000749
0.000000
0.000000
0.001493
0.000000
0.000000
0.000000
0.000996
0.000000
0.000000
0.000000
0.000000
0.001561
0.000000
0.000000
0.000000
0.000000
0.000000
0.000000
0.000000
0.000000
0.000000
0.000000
0.000000
0.000000
0.001615
0.000000
0.000000
0.000000
0.000983
0.000000
0.000000
0.000824
0.000000
0.000000
0.001268
0.000000
0.001024
0.000000
0.000983
0.000000
0.000000
0.000000
0.000000
0.000000
0.000000
0.000000
0.000974
0.000000
0.000000
0.000000
0.001687
0.000000
0.001060
0.000000
0.000000
0.000000
0.001218
0.000000
0.000919
0.000000
0.000000
0.000867
0.000797
0.000000
0.001473
0.000000
0.000805
0.000000
0.001652
0.001191
0.000000
0.002406
0.000000
0.000000
0.000000
0.000000
0.000000
0.000000
0.000000
0.001903
0.001062
0.000000
0.000000
0.000000
0.000000
0.000000
0.000000
0.000000
0.000920
0.000000
0.001308
0.000000
0.000832
0.000000
0.000000
0.000000
0.000000
0.000000
0.001032
0.000731
0.000784
0.000962
0.001122
0.001105
0.000000
0.000000
0.000000
0.001139
0.000000
0.000000
0.000000
0.000000
0.001364
0.000000
0.000890
0.000000
0.000897
0.000000
0.000000
0.000000
0.000000
0.000000
0.000000
0.001645
0.000000
0.000000
0.000972
0.001134
0.000000
0.000000
0.000000
0.000000
0.000000
0.000000
0.000000
0.000000
0.000000
0.001028
0.000000
0.000000
0.000000
0.000000
0.001481
0.000000
0.000000
0.000000
0.001749
0.000000
0.000000
0.000000
0.000000
0.001152
0.000000
0.001377
0.000000
0.000000
0.000854
0.000000
0.001128
0.000000
0.000000
0.001725
0.002935
0.000000
0.000000
0.000000
0.000000
0.001887
0.000000
0.000000
0.000000
0.000000
0.000000
0.000000
0.000000
0.000000
0.000000
0.000000
0.000000
0.000000
0.000000
0.000000
0.000000
0.000000
0.000000
0.000000
0.000000
0.000848
0.000000
0.000000
0.000000
0.000000
0.000000
0.001032
0.001012
0.000981
0.000000
0.000000
0.000000
0.000000
0.000000
0.000000
0.000000
0.000000
0.000000
0.000000
0.000784
0.001623
0.000000
0.000794
0.000788
0.000000
0.002175
0.000901
0.000000
0.001138
0.000000
0.000744
0.000000
0.000893
0.000000
0.000000
0.000000
0.000000
0.000000
0.000746
0.000000
0.000000
0.000000
0.000000
0.000000
0.000000
0.000000
0.001092
0.000000
0.000000
0.000000
0.000000
0.000000
0.001437
0.000000
0.000000
0.000000
0.001226
0.000000
0.000000
0.000000
0.000000
0.000000
0.000791
0.000000
0.000000
0.001023
0.000000
0.000000
0.000000
0.000000
0.000000
0.000000
0.000000
0.000000
0.000000
0.000000
0.001692
0.000000
0.000000
0.000000
0.001295
0.000000
0.000000
0.000000
0.000000
0.000000
0.000000
0.000000
0.000000
0.001108
0.000000
0.000000
0.000000
0.000000
0.000000
0.000000
0.000000
0.000000
0.000000
0.000000
0.000000
0.000000
0.000000
0.000000
0.000000
0.000000
0.000813
0.000000
0.000000
0.000000
0.000000
0.001798
0.000000
0.000000
0.000000
0.003051
0.000000
0.000000
0.000000
0.000000
0.000000
0.000000
0.000000
0.000000
0.000000
0.000000
0.001008
0.000000
0.000000
0.000000
0.000000
0.001102
0.000000
0.000000
0.000000
0.000000
0.000868
0.000000
0.000000
0.000850
0.000000
0.000000
0.000000
0.000000
0.000000
0.000000
0.002132
0.000000
0.000825
0.001838
0.000000
0.000000
0.000000
0.000000
0.000000
0.000000
0.000000
0.000000
0.000000
0.000000
0.000000
0.000000
0.000000
0.001321
0.000000
0.000000
0.000000
0.000000
0.000000
0.000000
0.000000
0.000000
0.000000
0.000000
0.000000
0.000000
0.000000
0.000000
0.000000
0.000000
0.000000
0.000000
0.000000
0.000000
0.000000
0.000000
0.000000
0.000000
0.000000
0.000000
0.000000
0.001022
0.000000
0.000000
0.001102
0.000000
0.000000
0.000000
0.000000
0.000000
0.000000
0.000000
0.001661
0.000000
0.001542
0.000784
0.001988
0.000798
0.000000
0.000000
0.000000
0.000000
0.000000
0.001057
0.000000
0.000000
0.000000
0.000000
0.000000
0.000000
0.000000
0.000000
0.000000
0.000000
0.000000
0.000000
0.000000
0.000000
0.000000
0.001555
0.000000
0.000000
0.001472
0.000000
0.001194
0.001090
0.000000
0.000000
0.000000
0.000863
0.000000
0.000000
0.000000
0.000000
0.000996
0.000000
0.000000
0.000000
0.000000
0.000000
0.000000
0.000000
0.000000
0.000000
0.000000
0.000000
0.000000
0.000000
0.000000
0.000000
0.000871
0.000000
0.000000
0.000000
0.000000
0.001325
0.000000
0.000000
0.000000
0.000000
0.000000
0.000000
0.000000
0.000000
0.001630
0.001010
0.000000
0.000821
0.000000
0.000000
0.000000
0.000000
0.000000
0.000000
0.000000
0.000000
0.000000
0.000000
0.000000
0.000000
0.000000
0.000000
0.000000
0.000000
0.000000
0.001254
0.000000
0.000000
0.000922
0.000840
0.000000
0.000000
0.000000
0.000000
0.000000
0.000803
0.001345
0.000000
0.001384
0.000000
0.000000
0.001014
0.000000
0.000000
0.000000
0.001636
0.000000
0.000000
0.000000
0.000000
0.000000
0.000776
0.000000
0.000000
0.000000
0.001725
0.000966
0.000000
0.000000
0.000000
0.001490
0.000000
0.000000
0.000000
0.000000
0.000000
0.001053
0.000000
0.000000
0.001250
0.000000
0.001072
0.000000
0.000000
0.000000
0.000924
0.001739
0.000000
0.000000
0.000000
0.000000
0.000000
0.000000
0.000000
0.001121
0.000000
0.000000
0.000000
0.001736
0.000000
0.001190
0.002729
0.000000
0.000000
0.000000
0.000000
0.000000
0.000000
0.000000
0.000000
0.000000
0.000744
0.001498
0.000000
0.000000
0.000936
0.000000
0.000000
0.000000
0.001551
0.000000
0.000000
0.000000
0.000000
0.002113
0.000000
0.000000
0.000000
0.000000
0.000000
0.000000
0.000000
0.000000
0.000000
0.000000
0.000000
0.000000
0.000000
0.000000
0.000000
0.000000
0.000000
0.000000
0.000000
0.000000
0.000000
0.000982
0.000000
0.000000
0.000000
0.001337
0.000000
0.000000
0.000000
0.000000
0.000000
0.000000
0.000000
0.000000
0.000000
0.000000
0.001171
0.000000
0.000000
0.000000
0.000000
0.000000
0.000000
0.000000
0.000000
0.000000
0.000000
0.000000
0.000000
0.000000
0.000000
0.001097
0.001794
0.000000
0.000000
0.000000
0.000000
0.000736
0.000000
0.000000
0.000000
0.000000
0.000000
0.000000
0.000752
0.000000
0.000000
0.000000
0.000000
0.000000
0.000000
0.000000
0.000000
0.000000
0.000000
0.000000
0.000000
0.000000
0.000000
0.000000
0.000000
0.000000
0.000000
0.000000
0.000000
0.000000
0.000000
0.000000
0.000000
0.000000
0.000000
0.000000
0.001214
0.000953
0.000000
0.000000
0.001634
0.001034
0.000000
0.000000
0.000000
0.000000
0.000000
0.000000
0.000000
0.000000
0.000000
0.001000
0.000000
0.000000
0.000000
0.000000
0.001205
0.000000
0.000000
0.000000
0.000000
0.000000
0.000780
0.000000
0.000000
0.000000
0.000000
0.000000
0.000000
0.000000
0.000000
0.000000
0.000000
0.001170
0.000000
0.000000
0.000000
0.001961
0.000000
0.000000
0.000000
0.000000
0.000000
0.000000
0.001411
0.000000
0.000000
0.000000
0.000000
0.000000
0.000000
0.000000
0.000000
0.000000
0.001096
0.000000
0.000000
0.000000
0.000000
0.000000
0.000000
0.000000
0.000000
0.001300
0.000000
0.000000
0.000863
0.000000
0.000000
0.000000
0.000000
0.000925
0.000000
0.000000
0.000000
0.000000
0.000000
0.000000
0.000000
0.000000
0.000000
0.000000
0.000000
0.000000
0.000000
0.000000
0.000000
0.000000
0.000000
0.000000
0.000000
0.000000
0.000000
0.001293
0.000000
0.000000
0.000000
0.001009
0.000000
0.000000
0.001393
0.000912
0.000000
0.000000
0.000000
0.000922
0.000000
0.000000
0.000000
0.000000
0.000000
0.000000
0.000000
0.000000
0.000000
0.000000
0.000000
0.000000
0.000000
0.000804
0.000000
0.000000
0.000000
0.000000
0.000000
0.001445
0.001647
0.000000
0.000000
0.000000
0.000000
0.000834
0.000000
0.000000
0.000000
0.000000
0.000000
0.000000
0.000000
0.000000
0.000000
0.001090
0.000000
0.000000
0.000000
0.000766
0.000000
0.000738
0.000000
0.000000
0.000000
0.000846
0.000000
0.000000
0.000000
0.000000
0.000000
0.000000
0.000000
0.002027
0.000000
0.000000
0.000000
0.000000
0.000000
0.000000
0.000000
0.000000
0.000000
0.000000
0.000000
0.000000
0.000000
0.000000
0.000000
0.000000
0.000000
0.001023
0.000000
0.000000
0.000000
0.001288
0.000000
0.000000
0.000000
0.000000
0.000000
0.000000
0.000000
0.000000
0.000000
0.000000
0.000000
0.000000
0.000000
0.000000
0.000000
0.000000
0.000000
0.000000
0.000000
0.000000
0.000000
0.000000
0.001079
0.000000
0.000000
0.000000
0.000789
0.000000
0.001778
0.000000
0.000000
0.000000
0.000000
0.000000
0.000000
0.000000
0.000000
0.000000
0.000000
0.000000
0.000000
0.000932
0.000000
0.000000
0.001430
0.000000
0.000000
0.000000
0.000000
0.001229
0.000000
0.000000
0.001106
0.000000
0.001368
0.000000
0.001410
0.000000
0.000000
0.000000
0.000737
0.000000
0.000000
0.000962
0.000000
0.000000
0.000000
0.000000
0.000000
0.000000
0.000000
0.000000
0.000000
0.000000
0.000000
0.000000
0.000000
0.000000
0.000000
0.000000
0.000000
0.000000
0.000000
0.000000
0.000000
0.000000
0.001242
0.000000
0.000000
0.000000
0.000000
0.001176
0.000000
0.000000
0.000000
0.000000
0.000000
0.000799
0.000000
0.000788
0.001761
0.000000
0.000000
0.000000
0.000000
0.000000
0.000000
0.000000
0.000874
0.000000
0.000000
0.000000
0.000000
0.000000
0.000000
0.000000
0.000000
0.000000
0.000000
0.000000
0.000000
0.000869
0.000000
0.000000
0.000000
0.001609
0.000000
0.000000
0.000000
0.000000
0.001075
0.000000
0.000000
0.000998
0.000000
0.000000
0.000000
0.000000
0.000000
0.001092
0.001202
0.000000
0.000000
0.000000
0.000000
0.000000
0.000857
0.000000
0.000000
0.000000
0.000000
0.000000
0.000000
0.000000
0.000000
0.000962
0.001807
0.001437
0.000000
0.001280
0.000000
0.000000
0.000000
0.000000
0.000000
0.000000
0.000914
0.000000
0.000000
0.000000
0.000000
0.000000
0.000000
0.001112
0.001532
0.000000
0.000000
0.000000
0.000000
0.000764
0.000000
0.000000
0.000000
0.000000
0.000000
0.000000
0.000000
0.000000
0.000820
0.000000
0.000000
0.000000
0.000000
0.000000
0.000000
0.000000
0.000000
0.000000
0.000000
0.001589
0.000000
0.000000
0.000000
0.000000
0.000000
0.001149
0.000000
0.000000
0.000752
0.000000
0.000000
0.000000
0.001710
0.000000
0.000000
0.000000
0.001233
0.000000
0.000000
0.000000
0.000000
0.000000
0.000000
0.000000
0.000000
0.000787
0.000000
0.000000
0.000000
0.000000
0.000000
0.000000
0.000000
0.000000
0.000000
0.000960
0.000000
0.001851
0.000000
0.000000
0.000000
0.000000
0.000768
0.000000
0.001600
0.000000
0.002030
0.000000
0.000000
0.001122
0.000000
0.000864
0.000000
0.001241
0.000000
0.000815
0.000000
0.000000
0.000000
0.000000
0.000000
0.000000
0.000000
0.000000
0.000000
0.000000
0.001174
0.000000
0.000000
0.000000
0.000744
0.000000
0.000000
0.000000
0.000000
0.000000
0.000000
0.001497
0.000000
0.000000
0.000000
0.000000
0.000000
0.000000
0.000000
0.000000
0.000981
0.000000
0.001059
0.000000
0.000000
0.000000
0.000000
0.000000
0.000000
0.000000
0.000000
0.000000
0.000000
0.000000
0.001328
0.000814
0.001133
0.000000
0.000000
0.001343
0.000000
0.000000
0.000000
0.000000
0.000000
0.000000
0.000000
0.000000
0.000000
0.001981
0.000000
0.000000
0.001609
0.000000
0.000000
0.000000
0.000000
0.000000
0.000000
0.000000
0.000000
0.000000
0.001070
0.000000
0.000000
0.000000
0.000856
0.000000
0.000000
0.000000
0.000000
0.000000
0.000893
0.000973
0.000000
0.001384
0.000000
0.000000
0.000000
0.001396
0.000000
0.000000
0.001203
0.000000
0.000000
0.000000
0.000000
0.000000
0.000000
0.000000
0.000000
0.000000
0.000000
0.000000
0.000000
0.000000
0.000000
0.000000
0.000000
0.000000
0.000000
0.000000
0.000000
0.000000
0.000000
0.000000
0.000000
0.001796
0.000000
0.000000
0.000000
0.000000
0.000000
0.000936
0.000000
0.000000
0.001268
0.000000
0.001661
0.000000
0.000000
0.000000
0.000000
0.000000
0.000970
0.000000
0.000000
0.000000
0.000000
0.000846
0.000000
0.000000
0.002898
0.000000
0.000000
0.000000
0.000000
0.000000
0.000000
0.000000
0.000827
0.000000
0.000000
0.000000
0.000000
0.000000
0.000812
0.000000
0.000000
0.000000
0.000782
0.000000
0.000980
0.000000
0.000863
0.000000
0.000000
0.000000
0.000000
0.000000
0.000000
0.000000
0.000000
0.000000
0.000840
0.000000
0.000000
0.000000
0.000000
0.000000
0.001398
0.000000
0.002222
0.000000
0.000000
0.002145
0.000000
0.000000
0.000000
0.001057
0.000000
0.000000
0.000000
0.000000
0.001754
0.000000
0.000000
0.000000
0.000998
0.000000
0.000000
0.002039
0.000000
0.000000
0.000000
0.000000
0.000000
0.000000
0.001513
0.000000
0.000763
0.000000
0.001863
0.001013
0.000000
0.000000
0.000000
0.002728
0.000000
0.000863
0.000000
0.000000
0.000000
0.000000
0.000000
0.000000
0.000000
0.000000
0.000000
0.002300
0.000000
0.000000
0.000000
0.000000
0.000000
0.000000
0.000000
0.000000
0.000000
0.000000
0.000000
0.000000
0.000000
0.000000
0.001753
0.000000
0.000000
0.000000
0.000000
0.000000
0.001105
0.000000
0.000000
0.000000
0.001300
0.000000
0.000000
0.000832
0.001560
0.000000
0.000000
0.000000
0.000000
0.000000
0.000000
0.000000
0.000000
0.000000
0.000000
0.000762
0.000000
0.000000
0.000000
0.001287
0.000000
0.000000
0.000000
0.000887
0.000805
0.000000
0.000000
0.000000
0.000000
0.000000
0.000000
0.000855
0.001379
0.000000
0.000000
0.000967
0.000000
0.000000
0.000000
0.000000
0.000000
0.000000
0.000000
0.000000
0.000000
0.000854
0.000000
0.000000
0.001734
0.000000
0.000773
0.000872
0.000000
0.000000
0.000000
0.000000
0.000000
0.000000
0.000000
0.000000
0.001753
0.000000
0.000000
0.000000
0.000000
0.000000
0.000000
0.000761
0.000000
0.000000
0.000000
0.000000
0.000000
0.000000
0.000000
0.000000
0.000000
0.000000
0.000000
0.000000
0.000000
0.000000
0.000000
0.000000
0.000000
0.000000
0.000864
0.000000
0.000000
0.000000
0.000000
0.000000
0.000000
0.000000
0.000000
0.000000
0.000000
0.001000
0.000000
0.001419
0.000000
0.001091
0.000000
0.000000
0.000000
0.001889
0.000000
0.000000
0.000000
0.000000
0.000000
0.000000
0.000000
0.001540
0.000756
0.001241
0.000000
0.000000
0.000000
0.000000
0.000000
0.000000
0.000918
0.000000
0.000936
0.000000
0.000000
0.000000
0.000000
0.000000
0.000000
0.000000
0.000000
0.000000
0.000000
0.000000
0.001393
0.000000
0.001516
0.000000
0.000000
0.000000
0.000000
0.000000
0.001363
0.000000
0.000000
0.001661
0.000000
0.000000
0.000000
0.000000
0.000000
0.000000
0.000000
0.002810
0.000000
0.000000
0.000000
0.000000
0.000000
0.000000
0.001502
0.000000
0.000000
0.000000
0.000000
0.000000
0.001420
0.000000
0.000000
0.000000
0.000000
0.000000
0.001164
0.000841
0.000000
0.000852
0.000000
0.000000
0.000000
0.000000
0.000000
0.000000
0.000000
0.000000
0.000000
0.000000
0.000000
0.000000
0.000000
0.000000
0.002909
0.000000
0.000000
0.000000
0.002195
0.000000
0.000000
0.000000
0.000000
0.000000
0.002521
0.000837
0.000000
0.001954
0.000000
0.001067
0.000000
0.000000
0.000000
0.000000
0.001977
0.000000
0.000000
0.000000
0.000000
0.000000
0.000000
0.002008
0.000000
0.001019
0.000000
0.000000
0.000000
0.000000
0.000000
0.000000
0.000000
0.001076
0.000000
0.000000
0.000000
0.000000
0.000000
0.000000
0.000000
0.001389
0.000000
0.000000
0.000000
0.000000
0.001086
0.000000
0.000000
0.000000
0.000000
0.000000
0.000960
0.000000
0.000000
0.000000
0.000000
0.000000
0.000000
0.000000
0.000000
0.000000
0.000000
0.000000
0.001825
0.000000
0.000000
0.000000
0.000000
0.001809
0.000000
0.000000
0.000000
0.000000
0.000000
0.000000
0.001878
0.000000
0.000000
0.000000
0.000000
0.001059
0.000000
0.000000
0.000000
0.000000
0.000000
0.000000
0.000948
0.000000
0.001077
0.000000
0.000000
0.000755
0.000000
0.000000
0.000000
0.000941
0.000000
0.000000
0.000000
0.000878
0.000000
0.000000
0.000000
0.000000
0.000000
0.000000
0.000000
0.000000
0.000000
0.000000
0.001012
0.000000
0.000826
0.000000
0.000000
0.000000
0.000000
0.000914
0.000000
0.001517
0.000000
0.000000
0.000000
0.000000
0.001011
0.000000
0.000000
0.000000
0.000000
0.000000
0.000000
0.000000
0.000000
0.000000
0.000000
0.000000
0.000000
0.000000
0.000000
0.000000
0.000752
0.001361
0.000746
0.000000
0.000000
0.000000
0.000000
0.000000
0.000000
0.000000
0.000000
0.000000
0.000000
0.000959
0.000000
0.000000
0.000000
0.000000
0.000000
0.000000
0.002342
0.000000
0.000000
0.000000
0.000000
0.000000
0.000000
0.000000
0.000000
0.000000
0.000000
0.000832
0.000924
0.000000
0.000000
0.000000
0.001354
0.000000
0.000000
0.000000
0.000000
0.001254
0.000000
0.000000
0.002086
0.001788
0.000000
0.000000
0.000000
0.001903
0.000000
0.000841
0.000000
0.000000
0.000000
0.000000
0.000000
0.000000
0.001357
0.000000
0.000000
0.001841
0.000000
0.000000
0.000000
0.000000
0.000000
0.000000
0.000000
0.000903
0.000000
0.000000
0.000000
0.000000
0.001051
0.000000
0.000000
0.001059
0.000000
0.000000
0.001349
0.001155
0.000000
0.000000
0.000000
0.000000
0.000000
0.000000
0.001161
0.000000
0.001253
0.000000
0.000000
0.000000
0.000000
0.000000
0.000000
0.000842
0.000000
0.000000
0.000810
0.000000
0.000000
0.000000
0.000000
0.000000
0.000000
0.001283
0.000746
0.000803
0.000000
0.000000
0.000000
0.000826
0.000000
0.000000
0.000000
0.000000
0.000000
0.000000
0.000000
0.000000
0.000000
0.001410
0.000000
0.000000
0.000000
0.000000
0.000960
0.000000
0.000913
0.000000
0.000000
0.002344
0.000000
0.000000
0.000000
0.000000
0.000000
0.000000
0.000000
0.000000
0.000000
0.000000
0.000000
0.000000
0.000000
0.000000
0.000000
0.000000
0.000000
0.000875
0.000000
0.000000
0.000000
0.000000
0.000000
0.000000
0.000000
0.000844
0.000000
0.000000
0.000000
0.000000
0.000000
0.000000
0.001378
0.000000
0.000000
0.000000
0.002279
0.000000
0.000000
0.000000
0.000000
0.000000
0.000000
0.000000
0.000000
0.001074
0.000000
0.000000
0.000000
0.000000
0.000000
0.000000
0.000000
0.000000
0.000994
0.000000
0.000000
0.000000
0.000932
0.000819
0.000000
0.001003
0.000000
0.000000
0.000000
0.000000
0.000000
0.000000
0.000000
0.000000
0.000000
0.000000
0.000000
0.000000
0.000000
0.000000
0.000000
0.000000
0.001297
0.000000
0.000000
0.001523
0.000000
0.000000
0.000000
0.000000
0.000000
0.000000
0.000000
0.000000
0.000000
0.000000
0.000000
0.000000
0.000000
0.000000
0.000000
0.000000
0.000000
0.001201
0.000000
0.001772
0.000000
0.000000
0.001318
0.000000
0.000000
0.000000
0.000000
0.001173
0.000000
0.000000
0.001175
0.000000
0.000000
0.000785
0.000000
0.000000
0.001123
0.000000
0.000000
0.000000
0.000747
0.000000
0.000000
0.001198
0.000799
0.000000
0.000000
0.000000
0.000000
0.000000
0.000000
0.000000
0.000000
0.000000
0.000000
0.000000
0.000000
0.001468
0.000000
0.000000
0.000000
0.000000
0.000000
0.000000
0.000000
0.000000
0.001298
0.000000
0.000839
0.000000
0.000000
0.000000
0.000000
0.000000
0.000000
0.000000
0.000000
0.000000
0.000000
0.000763
0.001590
0.000000
0.000000
0.000000
0.000000
0.000961
0.000000
0.000000
0.000000
0.000000
0.001016
0.000000
0.000000
0.000000
0.000000
0.000000
0.000000
0.000000
0.000000
0.000000
0.000000
0.000000
0.000000
0.000000
0.000000
0.000000
0.000000
0.000000
0.000000
0.000760
0.000000
0.000000
0.000000
0.000861
0.000000
0.000795
0.000000
0.000000
0.000000
0.000000
0.000000
0.000000
0.000000
0.000000
0.000000
0.000000
0.000000
0.000000
0.000000
0.000000
0.000000
0.001113
0.001221
0.000831
0.000000
0.000000
0.001115
0.000000
0.000000
0.000000
0.000000
0.000000
0.001284
0.001700
0.000000
0.000000
0.000000
0.000800
0.000000
0.000000
0.000000
0.000000
0.001093
0.000000
0.000000
0.000000
0.000000
0.000000
0.000000
0.000000
0.000000
0.000000
0.000000
0.000000
0.000000
0.000000
0.000000
0.000974
0.000000
0.000000
0.000000
0.000000
0.001389
0.000000
0.000000
0.000000
0.000000
0.000000
0.000000
0.000000
0.001115
0.000000
0.000000
0.000000
0.000000
0.000000
0.000000
0.000000
0.000000
0.000000
0.000000
0.000000
0.000000
0.000000
0.001027
0.000000
0.000000
0.000000
0.000000
0.000000
0.000000
0.000000
0.000000
0.000000
0.000000
0.000000
0.000000
0.000767
0.001609
0.000000
0.000000
0.000000
0.000000
0.000000
0.000750
0.000000
0.000000
0.000000
0.000000
0.000000
0.000000
0.000000
0.000897
0.000000
0.000000
0.001484
0.000000
0.000765
0.000000
0.000000
0.000000
0.000000
0.000000
0.000000
0.000000
0.000000
0.000000
0.000000
0.000000
0.000000
0.000000
0.000000
0.000000
0.000000
0.000000
0.000000
0.000000
0.001309
0.000000
0.000000
0.000000
0.000000
0.000000
0.000774
0.000000
0.000000
0.000000
0.000000
0.000000
0.000737
0.000000
0.000000
0.001558
0.000000
0.000000
0.000000
0.000000
0.000000
0.000000
0.001414
0.000000
0.001602
0.000000
0.000000
0.002004
0.000000
0.000000
0.000000
0.000000
0.000000
0.000000
0.000000
0.000735
0.000000
0.000000
0.000000
0.000896
0.000000
0.000000
0.000000
0.000000
0.001047
0.000000
0.001173
0.000000
0.000000
0.000908
0.000000
0.000000
0.000000
0.000000
0.000000
0.000000
0.000000
0.001429
0.000000
0.000000
0.000000
0.000000
0.000000
0.000000
0.000000
0.000000
0.000000
0.000000
0.000000
0.000000
0.000000
0.000000
0.000000
0.001024
0.000893
0.000000
0.000000
0.000000
0.000000
0.000000
0.000000
0.000000
0.000000
0.000000
0.000000
0.000000
0.000890
0.000000
0.000000
0.000000
0.000000
0.000000
0.000000
0.000000
0.000000
0.000000
0.000000
0.000906
0.000000
0.000000
0.000000
0.000000
0.000000
0.000881
0.000000
0.000000
0.000000
0.000000
0.000000
0.000000
0.000000
0.000000
0.000000
0.000000
0.000000
0.000000
0.000000
0.001669
0.000000
0.000000
0.000000
0.000000
0.000000
0.001081
0.000000
0.000000
0.000000
0.000000
0.000000
0.000000
0.000000
0.000932
0.000000
0.000820
0.000000
0.000000
0.000000
0.000000
0.000000
0.000000
0.001653
0.000000
0.000000
0.000000
0.000000
0.000000
0.000000
0.000917
0.001064
0.000000
0.000000
0.000000
0.000000
0.000000
0.000000
0.000000
0.000000
0.000000
0.000000
0.000975
0.000000
0.000937
0.000000
0.000000
0.000000
0.000000
0.000000
0.000000
0.000000
0.000000
0.000000
0.000000
0.000000
0.000000
0.000989
0.000000
0.000000
0.001403
0.000000
0.001725
0.000000
0.000000
0.000000
0.000000
0.000000
0.000000
0.000000
0.001303
0.000000
0.000000
0.000000
0.000000
0.000000
0.000000
0.000000
0.001154
0.000000
0.000000
0.000000
0.000000
0.000000
0.000000
0.000000
0.000000
0.000000
0.000000
0.000000
0.000000
0.000000
0.000000
0.000000
0.000000
0.000000
0.000000
0.000000
0.001200
0.000000
0.000000
0.000000
0.000000
0.000734
0.000000
0.000000
0.000000
0.001314
0.000000
0.000000
0.000000
0.000000
0.000000
0.000000
0.002121
0.000000
0.000000
0.000000
0.000000
0.000000
0.000783
0.000989
0.000000
0.000000
0.000000
0.000000
0.000000
0.001214
0.001230
0.000000
0.000000
0.000000
0.000831
0.001664
0.000000
0.000000
0.000000
0.000000
0.000000
0.000000
0.000000
0.000000
0.001125
0.000000
0.000000
0.000000
0.000000
0.000000
0.000000
0.000000
0.000000
0.000000
0.000000
0.000000
0.000000
0.000000
0.000000
0.000000
0.000000
0.000000
0.000000
0.000000
0.001387
0.000000
0.000000
0.000000
0.000000
0.000000
0.002157
0.000936
0.000870
0.000000
0.000000
0.001813
0.000000
0.000000
0.000000
0.000000
0.000000
0.000000
0.000000
0.000000
0.000000
0.000000
0.000000
0.000774
0.000000
0.003059
0.000000
0.000000
0.000000
0.000000
0.000000
0.000000
0.000000
0.000000
0.001013
0.000000
0.000000
0.000000
0.000000
0.000000
0.001583
0.001341
0.000000
0.000000
0.000000
0.000000
0.000806
0.000000
0.000000
0.001050
0.000000
0.000000
0.000000
0.000000
0.000000
0.000784
0.000912
0.000000
0.000000
0.000000
0.000000
0.000000
0.000000
0.000000
0.000000
0.000000
0.000000
0.000000
0.001295
0.000000
0.000000
0.000000
0.000000
0.000000
0.000000
0.000000
0.000000
0.001135
0.000000
0.000000
0.000000
0.001413
0.000000
0.000000
0.000000
0.000000
0.000000
0.000000
0.002433
0.001391
0.000000
0.000000
0.001017
0.000000
0.000000
0.001317
0.000000
0.000000
0.001570
0.001123
0.000000
0.001031
0.000000
0.000000
0.000821
0.000000
0.000000
0.000000
0.000000
0.000000
0.000000
0.001067
0.000000
0.000000
0.001705
0.000000
0.000000
0.000000
0.000000
0.000000
0.001397
0.000000
0.000000
0.000862
0.001174
0.000000
0.000000
0.000000
0.000000
0.000000
0.000000
0.000000
0.000000
0.000000
0.000000
0.000000
0.000000
0.000000
0.000000
0.000000
0.000000
0.000000
0.000000
0.000000
0.000000
0.000000
0.000000
0.002090
0.000000
0.000000
0.000000
0.000000
0.001417
0.000000
0.000000
0.000848
0.000000
0.000000
0.000000
0.000000
0.000000
0.000000
0.000000
0.000000
0.000000
0.000000
0.000000
0.000000
0.000000
0.001684
0.000000
0.000000
0.000000
0.000000
0.001216
0.000774
0.001234
0.000000
0.000000
0.000000
0.000000
0.000000
0.000000
0.000000
0.000000
0.000000
0.000000
0.000000
0.000000
0.001911
0.000918
0.001016
0.000000
0.000000
0.000000
0.000000
0.000000
0.000000
0.000000
0.000000
0.000866
0.000000
0.001181
0.000000
0.000966
0.000000
0.000000
0.000000
0.000000
0.000000
0.000989
0.000000
0.000000
0.000000
0.000000
0.000000
0.000000
0.000000
0.000000
0.000804
0.000000
0.000000
0.000000
0.000000
0.000000
0.000000
0.000000
0.000000
0.000000
0.000000
0.000000
0.000000
0.001115
0.001306
0.000000
0.000000
0.000000
0.000000
0.000000
0.000000
0.000000
0.000000
0.000000
0.000000
0.000000
0.000000
0.000760
0.000942
0.000000
0.000000
0.000000
0.000000
0.000000
0.000000
0.000000
0.000000
0.000761
0.000000
0.000000
0.000000
0.000000
0.000000
0.000000
0.000000
0.000000
0.001441
0.002062
0.000000
0.000000
0.000000
0.000812
0.000000
0.000758
0.000000
0.000000
0.000000
0.000000
0.000929
0.001059
0.000000
0.000000
0.000836
0.000000
0.000835
0.000000
0.000000
0.000000
0.000000
0.000000
0.000761
0.000000
0.000000
0.000000
0.000000
0.000859
0.000000
0.000000
0.000000
0.000000
0.000000
0.001403
0.000000
0.001085
0.000000
0.000000
0.000000
0.000000
0.000000
0.000000
0.001951
0.000000
0.000000
0.001085
0.000000
0.000000
0.000000
0.000000
0.000955
0.000000
0.000000
0.001199
0.000000
0.000000
0.001656
0.000000
0.000000
0.000000
0.000000
0.000000
0.000000
0.000000
0.000000
0.000000
0.000000
0.000862
0.000000
0.000000
0.000000
0.000000
0.000000
0.000000
0.000805
0.000000
0.000000
0.001179
0.000000
0.000000
0.000000
0.000000
0.000000
0.000000
0.001106
0.000000
0.000000
0.000000
0.000000
0.000896
0.000000
0.000773
0.000000
0.000000
0.000763
0.000000
0.000000
0.000822
0.000000
0.000000
0.000000
0.000000
0.000000
0.000000
0.000000
0.000000
0.000000
0.000000
0.000000
0.000000
0.001325
0.000822
0.000000
0.000000
0.000000
0.001252
0.000000
0.000000
0.000000
0.000000
0.000000
0.000901
0.000905
0.000000
0.000000
0.000000
0.000000
0.000934
0.000000
0.000000
0.000000
0.000000
0.000000
0.000000
0.000000
0.001486
0.000000
0.001937
0.000000
0.000000
0.000000
0.000000
0.001777
0.000000
0.001334
0.000000
0.001159
0.000000
0.000000
0.000000
0.000000
0.000000
0.000000
0.001591
0.000000
0.000000
0.000767
0.001283
0.000000
0.001540
0.000000
0.000000
0.000750
0.000000
0.000000
0.001506
0.000000
0.000000
0.000000
0.000000
0.000000
0.000000
0.000000
0.000000
0.000000
0.000000
0.000000
0.000000
0.000000
0.000877
0.000780
0.000000
0.000917
0.000000
0.000000
0.000000
0.001041
0.000000
0.000000
0.000000
0.000000
0.000000
0.000000
0.000000
0.000000
0.000000
0.000000
0.000000
0.000000
0.000000
0.002629
0.000000
0.000000
0.000000
0.000000
0.000000
0.000000
0.000000
0.000000
0.000000
0.000000
0.000000
0.001926
0.000000
0.000000
0.002006
0.000000
0.000000
