0.000000
0.000000
0.000824
0.000000
0.000000
0.000000
0.000000
0.000287
0.000000
0.000000
0.000000
0.000507
0.000000
0.000000
0.000000
0.000689
0.001417
0.000000
0.000000
0.000000
0.000000
0.000000
0.000000
0.000000
0.000000
0.001306
0.000000
0.000724
0.000000
0.000000
0.000506
0.000688
0.000000
0.000576
0.000000
0.000000
0.000000
0.000000
0.000000
0.000000
0.000000
0.000916
0.000476
0.000929
0.000000
0.000485
0.001063
0.000000
0.000418
0.000294
0.000000
0.000000
0.000000
0.000000
0.000000
0.000000
0.000000
0.000000
0.000862
0.000000
0.000000
0.000879
0.000000
0.000000
0.000000
0.000000
0.000000
0.000000
0.000000
0.000496
0.000757
0.000435
0.000000
0.000428
0.000499
0.001127
0.000000
0.000000
0.000000
0.000489
0.000000
0.000729
0.000000
0.000000
0.000834
0.000000
0.000000
0.000000
0.001638
0.000000
0.000000
0.000000
0.000331
0.000000
0.000000
0.000000
0.000832
0.000474
0.000433
0.000691
0.001014
0.000880
0.000000
0.000000
0.000000
0.000000
0.000000
0.000000
0.000000
0.000000
0.000000
0.000000
0.000000
0.002229
0.001710
0.000000
0.000000
0.002137
0.000000
0.000334
0.000303
0.000639
0.000843
0.000000
0.000000
0.001039
0.000000
0.000000
0.000000
0.000000
0.000518
0.000000
0.000000
0.000000
0.000626
0.000402
0.000000
0.000436
0.000979
0.000000
0.001143
0.000393
0.000000
0.000469
0.000000
0.000000
0.000000
0.000000
0.000000
0.000000
0.000000
0.000564
0.000000
0.000000
0.000649
0.000800
0.000000
0.001606
0.000000
0.000000
0.000000
0.000000
0.001241
0.000000
0.000000
0.000599
0.000000
0.000000
0.000000
0.000000
0.000000
0.002081
0.000000
0.000000
0.000000
0.000725
0.000000
0.000000
0.000000
0.000000
0.000000
0.000000
0.000295
0.000000
0.000000
0.000000
0.001130
0.000580
0.000000
0.000000
0.000000
0.000567
0.000000
0.000000
0.000000
0.001117
0.000853
0.001112
0.000000
0.001422
0.000000
0.000000
0.000000
0.000000
0.000000
0.000500
0.000000
0.000577
0.000470
0.000000
0.000751
0.000000
0.000000
0.000599
0.000000
0.001146
0.001045
0.000436
0.000000
0.000000
0.000362
0.000000
0.000739
0.000000
0.000000
0.000000
0.000000
0.000694
0.000000
0.001255
0.000000
0.000573
0.000000
0.000000
0.000884
0.000000
0.000000
0.000000
0.000000
0.000599
0.000690
0.000000
0.001375
0.000000
0.000000
0.000000
0.000000
0.000895
0.000000
0.000000
0.000349
0.000317
0.000000
0.001284
0.001077
0.000000
0.001135
0.000000
0.000000
0.000000
0.000000
0.000000
0.000000
0.000000
0.000000
0.000000
0.000000
0.000000
0.000842
0.000347
0.000000
0.000000
0.000000
0.001051
0.000000
0.001086
0.000363
0.000000
0.000000
0.001123
0.000000
0.000000
0.000000
0.000000
0.001120
0.000000
0.000000
0.000000
0.001424
0.000475
0.000000
0.001752
0.000000
0.000305
0.000000
0.000000
0.000000
0.000000
0.000602
0.000000
0.000000
0.000647
0.000000
0.001444
0.000000
0.000000
0.000000
0.000000
0.000000
0.000464
0.000438
0.000000
0.000000
0.000000
0.000000
0.000000
0.000000
0.000584
0.000432
0.000297
0.000920
0.000000
0.000000
0.000348
0.000000
0.000899
0.000000
0.000563
0.000000
0.000000
0.000422
0.000000
0.000000
0.000000
0.000362
0.000000
0.000694
0.000000
0.000000
0.000000
0.000798
0.000000
0.000000
0.000000
0.000000
0.000000
0.000000
0.000000
0.000000
0.000781
0.000521
0.000000
0.000000
0.000572
0.000000
0.000000
0.000449
0.000000
0.000000
0.000355
0.000000
0.000000
0.000000
0.001072
0.000000
0.000000
0.000954
0.000000
0.000000
0.000807
0.000000
0.000000
0.000000
0.000437
0.000000
0.000000
0.001969
0.000000
0.000000
0.000000
0.000000
0.000000
0.000637
0.000389
0.000000
0.000336
0.000579
0.000982
0.000000
0.000000
0.000000
0.000000
0.000000
0.000000
0.000000
0.000000
0.000000
0.000000
0.000000
0.000349
0.000000
0.000000
0.000000
0.000430
0.001203
0.000000
0.000000
0.000000
0.000000
0.000000
0.000000
0.000000
0.000000
0.000611
0.000341
0.000000
0.000813
0.000327
0.000000
0.000000
0.000000
0.000000
0.000491
0.000000
0.000000
0.000000
0.000000
0.000000
0.000000
0.000000
0.000000
0.001027
0.000000
0.000000
0.000000
0.000000
0.000000
0.000000
0.000925
0.000000
0.000359
0.000000
0.000000
0.000288
0.000000
0.000000
0.000283
0.000000
0.000918
0.000000
0.000409
0.000000
0.000000
0.000602
0.000441
0.000000
0.000000
0.000000
0.000611
0.000000
0.000304
0.000000
0.000343
0.000000
0.000306
0.001169
0.000000
0.000000
0.000000
0.000000
0.000000
0.000000
0.000000
0.000000
0.000000
0.001398
0.000692
0.000000
0.000000
0.000000
0.000000
0.000000
0.000000
0.001027
0.000000
0.000000
0.000000
0.000000
0.000445
0.000000
0.000000
0.000000
0.000000
0.000000
0.000000
0.000000
0.000000
0.000723
0.000655
0.000000
0.000686
0.000000
0.000649
0.000000
0.000349
0.000000
0.000325
0.000000
0.000000
0.000346
0.000343
0.000424
0.000000
0.000000
0.000000
0.000000
0.000000
0.000518
0.000000
0.000000
0.000785
0.000000
0.000000
0.000597
0.000457
0.000000
0.000000
0.000000
0.000000
0.000000
0.000000
0.000000
0.000000
0.000821
0.000000
0.000866
0.000529
0.000000
0.000000
0.000000
0.000757
0.000000
0.000722
0.000000
0.000657
0.000000
0.000000
0.000000
0.000518
0.000000
0.000000
0.000000
0.000000
0.000000
0.000372
0.000000
0.000000
0.001497
0.000000
0.000000
0.000648
0.000000
0.000000
0.000000
0.000554
0.000000
0.000480
0.000000
0.000000
0.000723
0.000000
0.000000
0.000000
0.001382
0.000000
0.000000
0.000771
0.000000
0.001309
0.000000
0.002080
0.001092
0.000000
0.000000
0.000000
0.000816
0.000000
0.000000
0.000000
0.000000
0.000000
0.000000
0.000852
0.000000
0.000000
0.000691
0.000000
0.000000
0.000000
0.000000
0.000000
0.000000
0.000000
0.000000
0.000937
0.000000
0.000585
0.000000
0.000000
0.000000
0.000000
0.000000
0.000000
0.001040
0.000000
0.000000
0.000000
0.000000
0.000694
0.000000
0.000392
0.000000
0.000000
0.000000
0.000536
0.000000
0.000000
0.000000
0.000563
0.000000
0.000000
0.000000
0.000000
0.000000
0.000000
0.000000
0.000000
0.000000
0.000000
0.000000
0.000000
0.000000
0.000000
0.000450
0.000000
0.000600
0.001001
0.000000
0.000000
0.000000
0.000000
0.000000
0.000000
0.000494
0.000000
0.000293
0.000549
0.000000
0.000741
0.001783
0.000691
0.000383
0.000000
0.002984
0.000855
0.000000
0.001080
0.000000
0.000000
0.000000
0.000000
0.000000
0.000479
0.000000
0.002225
0.000000
0.000918
0.000000
0.000796
0.000000
0.001140
0.000000
0.000000
0.000000
0.000000
0.000386
0.000000
0.000000
0.000000
0.000000
0.000000
0.000000
0.000000
0.000000
0.000000
0.000000
0.001835
0.000000
0.000780
0.001188
0.000000
0.000000
0.000000
0.000000
0.000000
0.000000
0.000540
0.000877
0.000000
0.000000
0.000000
0.000000
0.000000
0.000000
0.000000
0.000000
0.000000
0.000757
0.000000
0.000000
0.001689
0.000297
0.000883
0.000000
0.000000
0.000000
0.000000
0.000000
0.000000
0.001430
0.000000
0.000000
0.000000
0.000849
0.000576
0.000000
0.001670
0.000439
0.000000
0.000000
0.000442
0.000000
0.000527
0.000000
0.000000
0.000647
0.000961
0.000366
0.001476
0.000000
0.000000
0.000000
0.000000
0.000799
0.000984
0.000321
0.000000
0.000000
0.000000
0.000000
0.000000
0.000000
0.000328
0.000408
0.000000
0.000000
0.000988
0.000594
0.000000
0.000000
0.000000
0.000369
0.000000
0.000316
0.000000
0.000000
0.000000
0.000000
0.000000
0.000000
0.000000
0.000000
0.000426
0.000316
0.001743
0.000000
0.000000
0.002633
0.000000
0.000000
0.000000
0.000000
0.000000
0.002236
0.000895
0.000477
0.000000
0.000000
0.000000
0.000334
0.000000
0.000000
0.000830
0.000000
0.000000
0.000000
0.000739
0.001608
0.000630
0.000000
0.000851
0.001027
0.000754
0.000683
0.000316
0.000000
0.000000
0.000304
0.001226
0.000326
0.000000
0.000000
0.000436
0.000000
0.000593
0.000000
0.000677
0.000407
0.000000
0.000000
0.000446
0.000000
0.000000
0.000000
0.000669
0.000000
0.000292
0.000000
0.003685
0.000000
0.000364
0.000000
0.000000
0.000000
0.000792
0.000000
0.000000
0.000000
0.000000
0.000000
0.000000
0.000000
0.000000
0.000000
0.000747
0.000000
0.000882
0.000000
0.000000
0.000000
0.001412
0.000967
0.000000
0.000969
0.000000
0.000000
0.000000
0.000000
0.001066
0.000000
0.000000
0.000000
0.000000
0.000361
0.000000
0.000000
0.000291
0.000000
0.000000
0.000000
0.000000
0.001006
0.000000
0.000000
0.000000
0.000000
0.000582
0.000000
0.000000
0.000000
0.000000
0.000000
0.000551
0.000000
0.000317
0.000604
0.000454
0.000792
0.000652
0.001162
0.000758
0.000390
0.001395
0.000000
0.000000
0.000000
0.000000
0.000000
0.000000
0.000000
0.000000
0.000000
0.000000
0.000000
0.000000
0.001346
0.000000
0.000000
0.000000
0.000000
0.000574
0.000000
0.001529
0.000000
0.000000
0.000000
0.000826
0.000000
0.000532
0.000289
0.000000
0.000000
0.000000
0.000437
0.000000
0.000000
0.000000
0.000000
0.000000
0.000000
0.000000
0.000000
0.000000
0.000000
0.000000
0.000539
0.000000
0.001005
0.000000
0.000000
0.000000
0.000000
0.001002
0.000000
0.000000
0.060640
0.000000
0.001542
0.001075
0.000000
0.000000
0.000000
0.000000
0.000000
0.000924
0.000486
0.000000
0.000628
0.000393
0.001440
0.000338
0.001086
0.000000
0.000376
0.000000
0.000000
0.000000
0.000399
0.000490
0.000000
0.000000
0.000000
0.000000
0.000000
0.000397
0.000000
0.000000
0.000604
0.000000
0.000000
0.000000
0.000000
0.000000
0.000000
0.000533
0.000000
0.000329
0.000000
0.000000
0.000000
0.000000
0.000484
0.000000
0.000000
0.000000
0.000000
0.000000
0.000000
0.000000
0.000000
0.000000
0.000000
0.000497
0.000000
0.000000
0.000000
0.000000
0.000000
0.000664
0.000429
0.000000
0.000000
0.000000
0.000696
0.000395
0.001237
0.000000
0.000000
0.000990
0.000000
0.000568
0.000856
0.000000
0.000973
0.000000
0.000000
0.000000
0.000000
0.000000
0.000596
0.000000
0.000000
0.000000
0.000000
0.000381
0.000000
0.000000
0.000637
0.000920
0.000320
0.000000
0.000000
0.000000
0.000000
0.000585
0.001422
0.000552
0.001016
0.000000
0.000947
0.000000
0.000000
0.001869
0.000000
0.000000
0.001651
0.000000
0.001097
0.000000
0.000000
0.000000
0.000000
0.000000
0.000721
0.001081
0.000000
0.000000
0.000000
0.000527
0.000000
0.001170
0.000000
0.000872
0.000000
0.000000
0.000000
0.000000
0.000000
0.000000
0.000000
0.000000
0.000000
0.000858
0.000000
0.000000
0.000451
0.000000
0.000000
0.000000
0.000000
0.000000
0.000302
0.000517
0.000000
0.001289
0.000000
0.000000
0.000000
0.000814
0.000331
0.000000
0.000000
0.000912
0.000000
0.000856
0.000000
0.001615
0.000480
0.000000
0.000000
0.000000
0.000000
0.000000
0.000668
0.000000
0.000000
0.000000
0.000000
0.000475
0.001111
0.000000
0.000000
0.000000
0.000000
0.000000
0.000322
0.000845
0.000877
0.000000
0.000000
0.000000
0.000000
0.001055
0.000306
0.001550
0.000000
0.001249
0.000000
0.000000
0.000000
0.000000
0.000000
0.001013
0.000447
0.000433
0.000979
0.000000
0.000475
0.000000
0.000000
0.000000
0.000000
0.001086
0.000528
0.000461
0.000495
0.000000
0.000000
0.000420
0.000297
0.001445
0.003530
0.000840
0.000000
0.000000
0.000000
0.000000
0.000527
0.000669
0.000000
0.000000
0.001045
0.000497
0.000000
0.000000
0.000650
0.000000
0.000000
0.000305
0.000000
0.000000
0.000000
0.000000
0.000000
0.000000
0.000000
0.000515
0.000000
0.000000
0.000000
0.000000
0.000000
0.000000
0.000000
0.000000
0.001285
0.000843
0.000444
0.000000
0.000000
0.000443
0.000000
0.001189
0.000895
0.000000
0.000000
0.000000
0.000000
0.000000
0.000327
0.000000
0.000000
0.000539
0.000000
0.000000
0.000000
0.000934
0.000000
0.000000
0.001025
0.001251
0.000000
0.000557
0.000431
0.000439
0.000000
0.000000
0.000360
0.000000
0.000000
0.000608
0.000000
0.000000
0.000000
0.000000
0.000000
0.000000
0.000000
0.000000
0.000000
0.000950
0.000380
0.000000
0.001709
0.000903
0.000360
0.000000
0.000832
0.000000
0.000000
0.001494
0.000000
0.001148
0.000000
0.000649
0.000000
0.001209
0.000000
0.000000
0.000477
0.000000
0.000000
0.000000
0.001257
0.000377
0.000000
0.000000
0.000000
0.000000
0.000721
0.000000
0.000000
0.000000
0.000553
0.000000
0.000000
0.000000
0.001054
0.000535
0.001315
0.000000
0.000000
0.000000
0.000847
0.000000
0.000590
0.000642
0.000000
0.000000
0.001892
0.000000
0.000000
0.000000
0.000000
0.000000
0.000000
0.000000
0.000000
0.000000
0.000000
0.000000
0.000000
0.000000
0.000000
0.000000
0.000000
0.000000
0.000000
0.000000
0.000000
0.000000
0.000000
0.000000
0.000000
0.000673
0.000000
0.000688
0.000000
0.000000
0.000000
0.000000
0.000000
0.001209
0.000000
0.000000
0.000000
0.000000
0.001322
0.000000
0.000000
0.000000
0.000000
0.000436
0.000000
0.000000
0.000523
0.000000
0.000000
0.000000
0.000000
0.000000
0.000000
0.000000
0.000000
0.000000
0.000000
0.000000
0.000617
0.000000
0.000000
0.000571
0.000000
0.001553
0.001226
0.000000
0.000000
0.001216
0.000800
0.000612
0.000000
0.000000
0.000000
0.000584
0.000000
0.000000
0.000000
0.000781
0.000841
0.001207
0.000000
0.000000
0.000000
0.000000
0.000000
0.000000
0.000000
0.000000
0.000000
0.000877
0.000000
0.000478
0.000000
0.000000
0.000597
0.000000
0.000000
0.000542
0.000593
0.000460
0.000000
0.000879
0.000000
0.000000
0.000000
0.000407
0.000000
0.000452
0.000888
0.000000
0.000000
0.001443
0.000000
0.000000
0.000000
0.000000
0.000000
0.000367
0.000433
0.000000
0.000000
0.001177
0.000611
0.000000
0.000624
0.000000
0.000547
0.000449
0.000000
0.000469
0.000328
0.000000
0.000000
0.000000
0.000896
0.000000
0.000770
0.000000
0.000000
0.000646
0.000512
0.000000
0.001218
0.000000
0.000000
0.000423
0.000000
0.000000
0.000941
0.001107
0.000000
0.001280
0.000000
0.000892
0.000000
0.000000
0.000000
0.000854
0.000000
0.000835
0.000483
0.000000
0.000000
0.000000
0.000000
0.000000
0.000000
0.000588
0.000504
0.000331
0.000000
0.000000
0.000545
0.001100
0.001096
0.000000
0.000617
0.000000
0.000492
0.000000
0.000000
0.000000
0.000000
0.000000
0.001308
0.000000
0.000332
0.000000
0.000000
0.000000
0.000000
0.000000
0.000000
0.000000
0.000000
0.000000
0.001255
0.000000
0.001035
0.000375
0.000000
0.000000
0.000911
0.001122
0.000000
0.000000
0.000779
0.000000
0.000000
0.000000
0.000409
0.000000
0.000892
0.000000
0.000825
0.000000
0.000000
0.000000
0.000000
0.001033
0.000000
0.001026
0.000000
0.000000
0.000000
0.001239
0.000000
0.000910
0.000000
0.000815
0.000536
0.000000
0.000000
0.000000
0.000564
0.000000
0.000000
0.000000
0.000000
0.000644
0.000000
0.000000
0.000000
0.000000
0.000000
0.000000
0.000000
0.000000
0.000000
0.000000
0.000314
0.000649
0.000885
0.000000
0.000000
0.000000
0.000000
0.000000
0.000000
0.000000
0.000400
0.000000
0.000000
0.000533
0.000000
0.000000
0.001898
0.000000
0.001108
0.000000
0.000784
0.000000
0.000000
0.000000
0.000000
0.000000
0.000000
0.000000
0.000359
0.000000
0.000000
0.000332
0.000292
0.000000
0.000575
0.000000
0.000000
0.001414
0.000000
0.000000
0.000000
0.000332
0.000000
0.000000
0.000000
0.000000
0.000000
0.000306
0.000000
0.000553
0.000000
0.000601
0.000000
0.000000
0.000000
0.000000
0.000000
0.000000
0.000000
0.000957
0.000587
0.000000
0.000581
0.000861
0.000000
0.000000
0.000000
0.000000
0.000000
0.000000
0.000000
0.000000
0.000000
0.000000
0.000000
0.000000
0.000536
0.000450
0.000000
0.000000
0.000000
0.000000
0.000000
0.000000
0.000000
0.000000
0.000000
0.000000
0.000000
0.000000
0.000000
0.000000
0.000000
0.000000
0.000000
0.000000
0.001488
0.000284
0.000758
0.000000
0.000510
0.000871
0.000859
0.000470
0.000507
0.000000
0.000551
0.000000
0.000000
0.000307
0.000000
0.000000
0.000892
0.000000
0.000000
0.000000
0.000000
0.000000
0.000811
0.000000
0.001031
0.000000
0.000000
0.000000
0.000000
0.000000
0.000485
0.000000
0.000000
0.000625
0.000610
0.000425
0.000000
0.000000
0.000000
0.000000
0.000000
0.000000
0.000000
0.000387
0.000000
0.000723
0.000000
0.000000
0.000000
0.000675
0.001100
0.001322
0.000000
0.000000
0.000000
0.000000
0.000000
0.000546
0.000000
0.000943
0.000000
0.000000
0.000000
0.000000
0.000000
0.000583
0.001397
0.000000
0.000000
0.000000
0.000000
0.000000
0.000000
0.000000
0.000000
0.000000
0.000439
0.000000
0.000311
0.000543
0.000000
0.000000
0.000000
0.000000
0.000335
0.000000
0.000000
0.000301
0.001399
0.001250
0.000000
0.000000
0.000674
0.000000
0.000000
0.000000
0.000000
0.000522
0.000000
0.000890
0.000000
0.000000
0.001106
0.000000
0.000000
0.000000
0.000000
0.000550
0.000000
0.000392
0.000467
0.000000
0.000000
0.000000
0.000000
0.000830
0.000000
0.000430
0.000000
0.000355
0.000000
0.000861
0.000000
0.000380
0.000000
0.000000
0.000000
0.000000
0.000000
0.000307
0.000376
0.000000
0.000000
0.000388
0.000000
0.000000
0.000000
0.000000
0.000000
0.000414
0.000000
0.000000
0.000456
0.000000
0.000000
0.000637
0.000000
0.000000
0.000000
0.000000
0.001524
0.000000
0.000000
0.000000
0.000596
0.000000
0.000958
0.000000
0.000610
0.000000
0.000000
0.000000
0.000000
0.000000
0.000000
0.000456
0.000000
0.000000
0.000432
0.000000
0.000000
0.001120
0.000000
0.000312
0.000783
0.000451
0.000000
0.000000
0.000000
0.000351
0.000000
0.000629
0.000341
0.000000
0.000657
0.000000
0.000000
0.000000
0.000000
0.000000
0.000000
0.000000
0.000315
0.000000
0.000000
0.000000
0.000000
0.000000
0.000000
0.000000
0.000442
0.000000
0.000000
0.000000
0.000362
0.000000
0.000496
0.000000
0.000000
0.000000
0.000000
0.000000
0.000000
0.000918
0.001569
0.000537
0.000000
0.000000
0.000000
0.000000
0.000000
0.000287
0.000000
0.000000
0.000794
0.000000
0.000000
0.000000
0.000000
0.000565
0.000371
0.000676
0.000000
0.000000
0.000000
0.000000
0.000000
0.000687
0.000000
0.000000
0.000794
0.000000
0.000292
0.000000
0.000000
0.000000
0.000000
0.000000
0.000373
0.000000
0.000000
0.000000
0.000000
0.000287
0.000000
0.000000
0.000000
0.000000
0.000000
0.000580
0.000000
0.000000
0.000491
0.000000
0.000000
0.000000
0.000000
0.000000
0.001090
0.000000
0.000688
0.000603
0.000000
0.000000
0.000337
0.000717
0.000000
0.000000
0.000000
0.000000
0.000000
0.000813
0.000000
0.000840
0.000000
0.000000
0.000746
0.000344
0.000000
0.000000
0.000000
0.000000
0.000000
0.000000
0.001559
0.000707
0.000000
0.000502
0.000000
0.000000
0.000000
0.000714
0.000000
0.001206
0.000528
0.000862
0.000000
0.000550
0.000000
0.000000
0.000000
0.000000
0.000000
0.000000
0.000000
0.000879
0.000000
0.000558
0.000000
0.000000
0.000000
0.000000
0.000313
0.000318
0.000472
0.000000
0.000000
0.000000
0.000453
0.000000
0.000714
0.000546
0.000291
0.000565
0.000930
0.000727
0.000000
0.000000
0.000819
0.000000
0.000318
0.000000
0.000000
0.000000
0.000000
0.000000
0.000000
0.000000
0.002109
0.000000
0.000670
0.000000
0.000000
0.000000
0.000000
0.001268
0.000000
0.000000
0.000000
0.000000
0.000964
0.000000
0.000000
0.000741
0.000000
0.000000
0.000000
0.000957
0.000726
0.000000
0.000000
0.000000
0.000000
0.000000
0.000645
0.000000
0.000362
0.000000
0.001113
0.000000
0.001369
0.000000
0.000000
0.000000
0.000000
0.000482
0.000000
0.000845
0.000485
0.000000
0.000625
0.000000
0.000000
0.000000
0.000288
0.000000
0.000000
0.000000
0.000000
0.000000
0.000000
0.000000
0.000000
0.000000
0.000000
0.001012
0.000599
0.000457
0.000000
0.000374
0.000000
0.000000
0.000000
0.000000
0.000000
0.000000
0.000000
0.000000
0.000000
0.000000
0.000000
0.000000
0.000000
0.000000
0.000000
0.000000
0.000000
0.000309
0.000000
0.000461
0.000000
0.000000
0.000000
0.000000
0.000478
0.000000
0.000000
0.000000
0.000863
0.000000
0.000000
0.000000
0.000303
0.000531
0.000878
0.000283
0.000000
0.000000
0.000000
0.000000
0.000000
0.000000
0.000437
0.000000
0.000585
0.000000
0.000000
0.000000
0.000549
0.000000
0.000000
0.000000
0.000541
0.000333
0.000000
0.001583
0.000000
0.000597
0.000000
0.000000
0.000681
0.000593
0.000000
0.000000
0.000000
0.000000
0.000845
0.001058
0.000000
0.000000
0.000000
0.000000
0.000000
0.000000
0.000000
0.000878
0.000000
0.000774
0.000000
0.000000
0.000000
0.000000
0.000668
0.000000
0.000651
0.000000
0.000000
0.000000
0.000000
0.000000
0.000651
0.000000
0.000705
0.000000
0.000000
0.000500
0.000000
0.000000
0.000000
0.000000
0.000000
0.000000
0.000307
0.000405
0.000000
0.000708
0.000000
0.000561
0.000000
0.000351
0.000871
0.000588
0.000866
0.000441
0.000000
0.000000
0.000000
0.000000
0.000000
0.000550
0.000000
0.000000
0.000000
0.000000
0.001794
0.000352
0.000000
0.000000
0.000000
0.000000
0.000000
0.000000
0.001717
0.000000
0.000000
0.000000
0.000000
0.000000
0.000000
0.000000
0.000000
0.000000
0.000000
0.000000
0.000000
0.000660
0.001679
0.000656
0.000331
0.000000
0.000509
0.000000
0.000517
0.000000
0.000000
0.000000
0.000000
0.000000
0.000000
0.000000
0.000000
0.000389
0.000350
0.000000
0.000533
0.000891
0.000000
0.000670
0.000000
0.000000
0.000000
0.000000
0.000000
0.001059
0.001232
0.000000
0.000000
0.000000
0.000000
0.000000
0.000371
0.000000
0.000000
0.000000
0.001093
0.000000
0.000000
0.000000
0.000752
0.000348
0.000000
0.000717
0.000000
0.000000
0.000000
0.000000
0.000000
0.000000
0.000000
0.000000
0.000000
0.000000
0.000000
0.000000
0.000000
0.000000
0.001073
0.000000
0.000000
0.000000
0.000000
0.000363
0.001046
0.000000
0.000430
0.000000
0.001166
0.000000
0.000000
0.000572
0.000000
0.000000
0.000000
0.000000
0.000000
0.000000
0.000000
0.000000
0.000000
0.000000
0.000000
0.000000
0.000000
0.001005
0.000000
0.000000
0.000000
0.000523
0.000000
0.000000
0.000000
0.000000
0.000000
0.000000
0.000000
0.001047
0.000000
0.000000
0.000000
0.000000
0.000334
0.000000
0.000000
0.000000
0.001440
0.000000
0.000000
0.000000
0.000000
0.000000
0.000000
0.000000
0.000000
0.000000
0.000000
0.000000
0.000000
0.000000
0.000000
0.001070
0.000000
0.000000
0.000781
0.000498
0.000000
0.000000
0.000316
0.002892
0.000000
0.000598
0.001202
0.000000
0.000000
0.000000
0.000000
0.000000
0.000000
0.000000
0.000356
0.000373
0.000000
0.000000
0.000000
0.000000
0.000000
0.000000
0.000000
0.000000
0.000000
0.001169
0.000823
0.000000
0.001150
0.000000
0.000000
0.000000
0.000589
0.000000
0.000000
0.000000
0.000688
0.000000
0.000000
0.000000
0.000000
0.000000
0.000000
0.000000
0.000000
0.000319
0.000000
0.000000
0.000996
0.000000
0.000000
0.000743
0.000000
0.000300
0.000000
0.000609
0.000310
0.000000
0.000000
0.000463
0.001067
0.000000
0.000000
0.000000
0.000000
0.000927
0.000000
0.000000
0.000482
0.000000
0.000000
0.000000
0.000623
0.000000
0.000378
0.000000
0.000000
0.000000
0.000000
0.000000
0.000000
0.000000
0.000000
0.000000
0.000000
0.000000
0.000000
0.000741
0.000000
0.000000
0.000000
0.000000
0.000000
0.001430
0.000000
0.000000
0.000506
0.000000
0.000000
0.000000
0.001203
0.000000
0.000000
0.000760
0.000451
0.000000
0.000565
0.000418
0.000000
0.000000
0.000000
0.000000
0.000750
0.001056
0.000000
0.000000
0.000000
0.000000
0.000000
0.000000
0.000000
0.000413
0.000346
0.000000
0.000637
0.000000
0.000000
0.000000
0.000000
0.000000
0.000000
0.000000
0.000978
0.000000
0.000000
0.000000
0.000961
0.000284
0.000000
0.000000
0.001120
0.001325
0.000589
0.000000
0.000000
0.001526
0.000000
0.000491
0.001127
0.000612
0.000000
0.000000
0.000000
0.000000
0.000000
0.000000
0.000666
0.000000
0.000000
0.000000
0.000000
0.000000
0.001395
0.000000
0.001442
0.000725
0.000000
0.000000
0.000782
0.000000
0.000347
0.000000
0.000000
0.000000
0.000000
0.000000
0.000000
0.000000
0.000000
0.000000
0.000000
0.000000
0.000000
0.000000
0.000000
0.002094
0.000000
0.000000
0.000000
0.000603
0.000000
0.000000
0.001146
0.000000
0.000000
0.000384
0.000314
0.000687
0.000813
0.000787
0.000000
0.000000
0.000878
0.000000
0.000000
0.000000
0.000000
0.000000
0.000000
0.000000
0.000000
0.000629
0.000000
0.000442
0.000000
0.000000
0.000000
0.000344
0.000000
0.001073
0.000000
0.000000
0.000883
0.000000
0.000000
0.001318
0.000878
0.000000
0.000000
0.000000
0.000000
0.000000
0.000000
0.000319
0.000000
0.001211
0.000285
0.000000
0.000000
0.000450
0.000000
0.000000
0.000379
0.000000
0.000000
0.000000
0.000346
0.000459
0.000387
0.000000
0.000000
0.000000
0.000463
0.001136
0.001475
0.000000
0.000332
0.000000
0.000000
0.001290
0.000000
0.000000
0.000000
0.000000
0.000620
0.000000
0.000000
0.000000
0.000365
0.000000
0.000000
0.000763
0.000344
0.000000
0.000000
0.000000
0.000000
0.000734
0.000000
0.000000
0.000000
0.000369
0.000561
0.001146
0.000000
0.000000
0.000470
0.000719
0.001415
0.000000
0.000000
0.000000
0.000000
0.000000
0.000359
0.000000
0.000652
0.000518
0.000000
0.000000
0.000783
0.000000
0.001446
0.000000
0.000000
0.000000
0.000000
0.000000
0.000359
0.000000
0.000000
0.000565
0.000000
0.000000
0.000000
0.000000
0.000000
0.000000
0.000464
0.001355
0.000000
0.000294
0.000000
0.000000
0.000000
0.000000
0.000000
0.000903
0.000000
0.000850
0.000000
0.000000
0.000000
0.000000
0.000889
0.000000
0.000000
0.000000
0.000000
0.000000
0.000000
0.000413
0.000000
0.000000
0.000000
0.000000
0.000677
0.000000
0.000000
0.000000
0.000000
0.000000
0.000414
0.000000
0.000000
0.000706
0.000000
0.000000
0.000000
0.000000
0.000454
0.000000
0.000539
0.000000
0.000656
0.000000
0.000000
0.000000
0.000432
0.001029
0.000000
0.000000
0.000000
0.000000
0.000634
0.000000
0.000000
0.000000
0.000000
0.000000
0.000000
0.000000
0.000566
0.000000
0.000000
0.000000
0.000000
0.000000
0.000000
0.000000
0.000717
0.000000
0.000369
0.000569
0.000000
0.000000
0.000000
0.000000
0.001471
0.000000
0.000000
0.000000
0.000893
0.000000
0.000000
0.001121
0.000000
0.000000
0.000000
0.000000
0.000000
0.000000
0.000593
0.000485
0.000989
0.000000
0.000000
0.000000
0.000644
0.000458
0.000000
0.000000
0.000000
0.000466
0.000000
0.000000
0.000000
0.000000
0.000000
0.000000
0.001207
0.000000
0.000000
0.000000
0.000580
0.000000
0.001548
0.000000
0.000000
0.000000
0.000000
0.000000
0.000000
0.000000
0.000000
0.000787
0.000000
0.000000
0.000000
0.000000
0.000000
0.000000
0.000000
0.000318
0.000000
0.001136
0.000292
0.000000
0.000000
0.000000
0.000890
0.000000
0.000937
0.000511
0.000000
0.000549
0.000000
0.000384
0.000000
0.000000
0.000000
0.000000
0.000480
0.000000
0.000000
0.000000
0.000000
0.000000
0.000000
0.000000
0.000000
0.000515
0.000000
0.000586
0.000780
0.000448
0.000000
0.000000
0.000930
0.001025
0.000962
0.000000
0.000000
0.000347
0.000309
0.000000
0.000880
0.000576
0.000453
0.000000
0.000000
0.000000
0.000000
0.000572
0.000744
0.000000
0.001007
0.000000
0.000000
0.000000
0.000000
0.000000
0.000397
0.000468
0.000920
0.000000
0.001352
0.000000
0.000504
0.000000
0.000377
0.000000
0.000000
0.000859
0.000886
0.000000
0.000424
0.000000
0.000000
0.000000
0.000000
0.000340
0.000000
0.001286
0.000895
0.000601
0.000459
0.000000
0.001007
0.000000
0.000485
0.000000
0.000000
0.001115
0.000931
0.000000
0.000000
0.000000
0.000670
0.000577
0.000384
0.000331
0.000000
0.000000
0.000000
0.000000
0.000414
0.001137
0.000000
0.000000
0.000430
0.000000
0.000000
0.000314
0.000000
0.000000
0.000000
0.001121
0.000000
0.000000
0.000992
0.000000
0.000000
0.000000
0.000000
0.000000
0.000619
0.000000
0.000369
0.001050
0.000000
0.000000
0.000000
0.000000
0.001083
0.000000
0.000338
0.000000
0.000547
0.000000
0.000000
0.000859
0.000000
0.000000
0.000841
0.000762
0.000000
0.000439
0.000000
0.001307
0.000000
0.000000
0.000446
0.000584
0.000000
0.000000
0.000000
0.000000
0.000000
0.000964
0.000000
0.000000
0.000000
0.000000
0.000000
0.000000
0.000000
0.001760
0.000000
0.000000
0.000000
0.000000
0.000000
0.000324
0.000000
0.000000
0.000000
0.000000
0.000000
0.000000
0.000474
0.000000
0.000290
0.000000
0.001425
0.000486
0.000000
0.000000
0.000000
0.000000
0.000000
0.000000
0.000000
0.000000
0.000000
0.000955
0.001588
0.000490
0.001488
0.000000
0.000666
0.000000
0.000000
0.000000
0.000460
0.000000
0.000000
0.001720
0.000000
0.000325
0.000000
0.000000
0.000000
0.000000
0.000464
0.000000
0.000000
0.000000
0.000000
0.001017
0.000562
0.000882
0.000000
0.000000
0.000834
0.000726
0.000815
0.000000
0.000892
0.000000
0.000000
0.000000
0.001422
0.000000
0.000000
0.000000
0.000000
0.000000
0.001278
0.000000
0.000000
0.000000
0.000000
0.000000
0.000459
0.000000
0.000549
0.000000
0.000796
0.000000
0.000000
0.000000
0.000000
0.000887
0.000000
0.000000
0.000000
0.000000
0.000000
0.000000
0.000000
0.000000
0.000000
0.000750
0.000968
0.000000
0.000000
0.000646
0.000000
0.000000
0.000909
0.000000
0.000000
0.000000
0.000000
0.000682
0.000000
0.000000
0.000000
0.000000
0.000000
0.001219
0.001176
0.000000
0.000718
0.000000
0.002177
0.000000
0.000000
0.000000
0.000000
0.000000
0.000000
0.000000
0.000000
0.000491
0.000000
0.000583
0.000000
0.000000
0.000891
0.000520
0.000000
0.000000
0.000000
0.000000
0.000000
0.000000
0.000000
0.000000
0.000000
0.001456
0.000000
0.000000
0.000000
0.000000
0.000000
0.000000
0.000000
0.000000
0.000850
0.000437
0.000497
0.000000
0.000000
0.000308
0.000973
0.000898
0.000286
0.000000
0.000000
0.001310
0.000604
0.000000
0.000344
0.000000
0.000000
0.000000
0.000000
0.000483
0.000000
0.000000
0.000000
0.000000
0.000335
0.000000
0.000890
0.000000
0.000000
0.000873
0.000000
0.000381
0.000000
0.000000
0.000000
0.000000
0.000468
0.000000
0.000000
0.000756
0.000554
0.000000
0.000821
0.000491
0.000000
0.000309
0.000000
0.000000
0.000000
0.000000
0.000000
0.000000
0.000000
0.000000
0.000000
0.000000
0.000858
0.000000
0.000000
0.000000
0.000294
0.000000
0.000661
0.000000
0.000000
0.000720
0.000489
0.001136
0.001072
0.000361
0.000000
0.000000
0.000000
0.000545
0.000837
0.000000
0.000000
0.000000
0.000830
0.001009
0.000000
0.000000
0.000000
0.000793
0.000000
0.000000
0.000000
0.000662
0.000000
0.000000
0.001440
0.001009
0.000000
0.000000
0.000000
0.000283
0.000000
0.000000
0.000000
0.000000
0.000843
0.000815
0.000000
0.000000
0.001174
0.000000
0.000000
0.000353
0.000000
0.000000
0.000000
0.000349
0.000000
0.000000
0.000000
0.000000
0.000000
0.000817
0.000000
0.000549
0.000000
0.000438
0.001219
0.000000
0.001399
0.000000
0.000394
0.000978
0.000000
0.000000
0.000000
0.000000
0.000000
0.000000
0.000300
0.000652
0.000000
0.000000
0.000300
0.000331
0.000351
0.000000
0.000565
0.000814
0.000000
0.000000
0.000000
0.000000
0.000000
0.000000
0.000000
0.000000
0.000000
0.000000
0.000000
0.000442
0.000000
0.000413
0.000000
0.000000
0.000000
0.000000
0.000000
0.000000
0.000000
0.000000
0.000981
0.000000
0.001463
0.000000
0.000779
0.000000
0.000360
0.000000
0.000000
0.000606
0.000000
0.001101
0.000000
0.000000
0.000000
0.000000
0.000392
0.000000
0.000728
0.000758
0.001015
0.000000
0.000000
0.000318
0.000000
0.000604
0.000000
0.000000
0.000000
0.000000
0.000000
0.000435
0.000890
0.000734
0.000000
0.000348
0.000000
0.000000
0.000551
0.000000
0.000000
0.000000
0.000578
0.000000
0.000000
0.000000
0.000302
0.001593
0.000297
0.000000
0.000798
0.000000
0.000000
0.000572
0.000000
0.000000
0.000000
0.000000
0.000000
0.000000
0.000346
0.001156
0.000787
0.000575
0.000000
0.000000
0.000468
0.000839
0.000399
0.000629
0.000000
0.000000
0.000330
0.000000
0.000308
0.000000
0.000866
0.000762
0.000000
0.000000
0.000504
0.000000
0.000000
0.000000
0.000000
0.000000
0.000000
0.000809
0.000000
0.000305
0.000000
0.000859
0.000000
0.001495
0.000000
0.000000
0.000000
0.000503
0.000961
0.000000
0.000000
0.001648
0.000000
0.001205
0.000000
0.000000
0.000385
0.000000
0.000000
0.000000
0.000000
0.000635
0.000362
0.000000
0.000000
0.000512
0.000000
0.000000
0.001770
0.000000
0.000358
0.000000
0.000000
0.000579
0.000000
0.000000
0.000000
0.000586
0.000813
0.000339
0.000000
0.000000
0.000000
0.000000
0.000000
0.000000
0.000000
0.000000
0.000000
0.000635
0.000000
0.000588
0.000000
0.000000
0.000000
0.000000
0.000000
0.000000
0.000000
0.000000
0.000000
0.001360
0.000000
0.000671
0.000000
0.000000
0.000000
0.000000
0.001002
0.000282
0.000000
0.000547
0.000368
0.000000
0.000000
0.000852
0.001160
0.000000
0.000000
0.000000
0.000000
0.000000
0.000428
0.000333
0.000000
0.000532
0.000000
0.000000
0.000000
0.001398
0.000000
0.000000
0.000000
0.000000
0.000000
0.000613
0.000000
0.000610
0.000803
0.000000
0.000000
0.000000
0.000864
0.000000
0.000000
0.000459
0.000000
0.000971
0.001419
0.000412
0.000000
0.000371
0.000458
0.000000
0.000791
0.000000
0.000000
0.000432
0.000000
0.000645
0.000000
0.000000
0.000000
0.000000
0.000000
0.000000
0.000000
0.000000
0.000000
0.000000
0.000981
0.001322
0.000000
0.000338
0.000783
0.000000
0.000000
0.000000
0.000000
0.001323
0.000000
0.000000
0.000000
0.000000
0.000000
0.001048
0.000322
0.000693
0.000000
0.000388
0.000000
0.000000
0.000600
0.000000
0.000000
0.000000
0.000392
0.000775
0.000000
0.000000
0.000000
0.000000
0.000000
0.000669
0.000000
0.000000
0.000000
0.000000
0.000000
0.000478
0.000882
0.000000
0.000464
0.000000
0.000000
0.000000
0.000000
0.000726
0.000000
0.000000
0.000000
0.000000
0.000000
0.000668
0.000000
0.000000
0.000000
0.001064
0.000000
0.000000
0.000000
0.000000
0.000000
0.000000
0.000000
0.000000
0.000000
0.000000
0.000705
0.000000
0.000000
0.000000
0.000000
0.000000
0.000972
0.000372
0.000000
0.000000
0.000676
0.000000
0.000000
0.000000
0.000498
0.000645
0.000000
0.000000
0.000534
0.000000
0.000883
0.000000
0.000000
0.000000
0.000000
0.000000
0.000000
0.000582
0.000000
0.000000
0.000000
0.000000
0.000000
0.001124
0.000580
0.000000
0.001028
0.000376
0.000387
0.001446
0.001081
0.000000
0.000283
0.000000
0.000000
0.000000
0.000000
0.000000
0.000000
0.000000
0.000377
0.000000
0.000554
0.000000
0.000421
0.000338
0.000824
0.000455
0.000000
0.000282
0.000000
0.000000
0.000658
0.000000
0.000000
0.000000
0.000000
0.000000
0.000000
0.000000
0.000000
0.000000
0.000000
0.000000
0.000000
0.000000
0.000818
0.000000
0.000000
0.000000
0.000000
0.000000
0.000000
0.000000
0.000000
0.000636
0.000000
0.000000
0.000000
0.000571
0.000000
0.000000
0.000000
0.000000
0.000671
0.000000
0.000000
0.000000
0.001704
0.000000
0.000000
0.000000
0.000000
0.000000
0.000000
0.000000
0.000674
0.000000
0.000000
0.000000
0.000645
0.000000
0.000442
0.000000
0.000302
0.000000
0.000000
0.000860
0.000000
0.000000
0.000000
0.002147
0.000000
0.001003
0.000000
0.000650
0.000388
0.000000
0.000000
0.000000
0.000000
0.000000
0.000000
0.000000
0.000000
0.000691
0.000000
0.000000
0.001175
0.000000
0.000619
0.000000
0.000000
0.000000
0.000000
0.000888
0.000000
0.000000
0.000485
0.000000
0.000377
0.000000
0.000000
0.000000
0.000000
0.000000
0.000000
0.001429
0.000830
0.000830
0.000524
0.000000
0.000000
0.000000
0.000000
0.000447
0.000000
0.000830
0.000615
0.000498
0.000000
0.000000
0.000000
0.000000
0.000611
0.000000
0.000364
0.001124
0.000000
0.000000
0.001672
0.000000
0.000396
0.000931
0.000359
0.000530
0.000000
0.000871
0.000000
0.000978
0.000000
0.000292
0.000000
0.000000
0.000626
0.000000
0.000000
0.000366
0.000000
0.001148
0.000000
0.000000
0.000000
0.000000
0.000777
0.000000
0.000000
0.000372
0.000000
0.000626
0.000000
0.000000
0.000000
0.000000
0.000000
0.000000
0.000444
0.000000
0.000559
0.000000
0.000000
0.000000
0.000437
0.000000
0.000884
0.000000
0.001142
0.000000
0.000000
0.000000
0.000000
0.000000
0.001101
0.000000
0.000379
0.000000
0.000000
0.000285
0.000390
0.000000
0.000392
0.000000
0.000000
0.000662
0.000000
0.000000
0.000436
0.000385
0.000000
0.000704
0.000000
0.000000
0.000000
0.000000
0.000000
0.000000
0.000326
0.000000
0.000000
0.000000
0.000000
0.000395
0.000530
0.000000
0.000000
0.000000
0.000000
0.001048
0.000000
0.000000
0.000000
0.000000
0.000000
0.000901
0.000000
0.000000
0.000000
0.000000
0.000000
0.000000
0.000000
0.000000
0.000000
0.000000
0.000000
0.000000
0.000000
0.000440
0.000000
0.000000
0.001717
0.000000
0.000000
0.000000
0.000829
0.000000
0.000384
0.001421
0.000000
0.000000
0.000000
0.000000
0.000000
0.000000
0.000000
0.000661
0.000000
0.000000
0.000000
0.000000
0.000584
0.000856
0.000646
0.000382
0.000948
0.000000
0.000000
0.000457
0.000000
0.000000
0.000000
0.000597
0.000349
0.000978
0.000000
0.000000
0.000660
0.000371
0.000838
0.000000
0.000362
0.000000
0.000000
0.000000
0.000634
0.000000
0.000545
0.000882
0.000778
0.000909
0.000000
0.000397
0.000000
0.001537
0.000000
0.000000
0.000439
0.000000
0.000000
0.000000
0.000833
0.000000
0.000000
0.000000
0.000000
0.000000
0.000627
0.000000
0.000000
0.000347
0.000000
0.000574
0.000000
0.000853
0.000534
0.000308
0.000000
0.000000
0.000000
0.000000
0.000000
0.001025
0.000000
0.000455
0.000672
0.000000
0.000341
0.000345
0.000608
0.001290
